{
  "prediction": [
    [
      [
        0.9931476680672268,
        0.002381293767507111,
        0.00017123074229691534,
        0.00023826505602230513,
        0.0036686852240897056,
        0.0003928571428571389
      ],
      [
        0.9931476680672268,
        0.002381293767507111,
        0.00017123074229691534,
        0.00023826505602230513,
        0.0036686852240897056,
        0.0003928571428571389
      ],
      [
        0.9931476680672268,
        0.002381293767507111,
        0.00017123074229691534,
        0.00023826505602230513,
        0.0036686852240897056,
        0.0003928571428571389
      ],
      [
        0.9931476680672268,
        0.002381293767507111,
        0.00017123074229691534,
        0.00023826505602230513,
        0.0036686852240897056,
        0.0003928571428571389
      ],
      [
        0.9931476680672268,
        0.002381293767507111,
        0.00017123074229691534,
        0.00023826505602230513,
        0.0036686852240897056,
        0.0003928571428571389
      ],
      [
        0.9931476680672268,
        0.002381293767507111,
        0.00017123074229691534,
        0.00023826505602230513,
        0.0036686852240897056,
        0.0003928571428571389
      ],
      [
        0.9931476680672268,
        0.002381293767507111,
        0.00017123074229691534,
        0.00023826505602230513,
        0.0036686852240897056,
        0.0003928571428571389
      ],
      [
        0.9931476680672268,
        0.002381293767507111,
        0.00017123074229691534,
        0.00023826505602230513,
        0.0036686852240897056,
        0.0003928571428571389
      ],
      [
        0.9931476680672268,
        0.002381293767507111,
        0.00017123074229691534,
        0.00023826505602230513,
        0.0036686852240897056,
        0.0003928571428571389
      ],
      [
        0.9931476680672268,
        0.002381293767507111,
        0.00017123074229691534,
        0.00023826505602230513,
        0.0036686852240897056,
        0.0003928571428571389
      ],
      [
        0.9931476680672268,
        0.002381293767507111,
        0.00017123074229691534,
        0.00023826505602230513,
        0.0036686852240897056,
        0.0003928571428571389
      ],
      [
        0.9931476680672268,
        0.002381293767507111,
        0.00017123074229691534,
        0.00023826505602230513,
        0.0036686852240897056,
        0.0003928571428571389
      ],
      [
        0.9931476680672268,
        0.002381293767507111,
        0.00017123074229691534,
        0.00023826505602230513,
        0.0036686852240897056,
        0.0003928571428571389
      ],
      [
        0.9931476680672268,
        0.002381293767507111,
        0.00017123074229691534,
        0.00023826505602230513,
        0.0036686852240897056,
        0.0003928571428571389
      ],
      [
        0.9931476680672268,
        0.002381293767507111,
        0.00017123074229691534,
        0.00023826505602230513,
        0.0036686852240897056,
        0.0003928571428571389
      ],
      [
        0.9897554245361508,
        0.003560152068253205,
        0.00025599843650330904,
        0.0003562180540531492,
        0.00548486602809451,
        0.0005873408769448314
      ],
      [
        0.9897554245361508,
        0.003560152068253205,
        0.00025599843650330904,
        0.0003562180540531492,
        0.00548486602809451,
        0.0005873408769448314
      ],
      [
        0.9931476680672268,
        0.002381293767507111,
        0.00017123074229691534,
        0.00023826505602230513,
        0.0036686852240897056,
        0.0003928571428571389
      ],
      [
        0.9931476680672268,
        0.002381293767507111,
        0.00017123074229691534,
        0.00023826505602230513,
        0.0036686852240897056,
        0.0003928571428571389
      ],
      [
        0.9931476680672268,
        0.002381293767507111,
        0.00017123074229691534,
        0.00023826505602230513,
        0.0036686852240897056,
        0.0003928571428571389
      ],
      [
        0.9931476680672268,
        0.002381293767507111,
        0.00017123074229691534,
        0.00023826505602230513,
        0.0036686852240897056,
        0.0003928571428571389
      ],
      [
        0.9931476680672268,
        0.002381293767507111,
        0.00017123074229691534,
        0.00023826505602230513,
        0.0036686852240897056,
        0.0003928571428571389
      ],
      [
        0.9931476680672268,
        0.002381293767507111,
        0.00017123074229691534,
        0.00023826505602230513,
        0.0036686852240897056,
        0.0003928571428571389
      ],
      [
        0.9931476680672268,
        0.002381293767507111,
        0.00017123074229691534,
        0.00023826505602230513,
        0.0036686852240897056,
        0.0003928571428571389
      ],
      [
        0.9931476680672268,
        0.002381293767507111,
        0.00017123074229691534,
        0.00023826505602230513,
        0.0036686852240897056,
        0.0003928571428571389
      ],
      [
        0.9931476680672268,
        0.002381293767507111,
        0.00017123074229691534,
        0.00023826505602230513,
        0.0036686852240897056,
        0.0003928571428571389
      ],
      [
        0.9931476680672268,
        0.002381293767507111,
        0.00017123074229691534,
        0.00023826505602230513,
        0.0036686852240897056,
        0.0003928571428571389
      ],
      [
        0.9931476680672268,
        0.002381293767507111,
        0.00017123074229691534,
        0.00023826505602230513,
        0.0036686852240897056,
        0.0003928571428571389
      ],
      [
        0.9931476680672268,
        0.002381293767507111,
        0.00017123074229691534,
        0.00023826505602230513,
        0.0036686852240897056,
        0.0003928571428571389
      ],
      [
        0.9931476680672268,
        0.002381293767507111,
        0.00017123074229691534,
        0.00023826505602230513,
        0.0036686852240897056,
        0.0003928571428571389
      ],
      [
        0.9948522282495087,
        0.0017889321337988743,
        0.0001286360302827573,
        0.0001789951415888959,
        0.002756076959390774,
        0.00029513148542998995
      ],
      [
        0.9948522282495087,
        0.0017889321337988743,
        0.0001286360302827573,
        0.0001789951415888959,
        0.002756076959390774,
        0.00029513148542998995
      ],
      [
        0.9931476680672268,
        0.002381293767507111,
        0.00017123074229691534,
        0.00023826505602230513,
        0.0036686852240897056,
        0.0003928571428571389
      ],
      [
        0.9931476680672268,
        0.002381293767507111,
        0.00017123074229691534,
        0.00023826505602230513,
        0.0036686852240897056,
        0.0003928571428571389
      ],
      [
        0.9931476680672268,
        0.002381293767507111,
        0.00017123074229691534,
        0.00023826505602230513,
        0.0036686852240897056,
        0.0003928571428571389
      ],
      [
        0.9931476680672268,
        0.002381293767507111,
        0.00017123074229691534,
        0.00023826505602230513,
        0.0036686852240897056,
        0.0003928571428571389
      ],
      [
        0.9931476680672268,
        0.002381293767507111,
        0.00017123074229691534,
        0.00023826505602230513,
        0.0036686852240897056,
        0.0003928571428571389
      ],
      [
        0.9931476680672268,
        0.002381293767507111,
        0.00017123074229691534,
        0.00023826505602230513,
        0.0036686852240897056,
        0.0003928571428571389
      ],
      [
        0.9931476680672268,
        0.002381293767507111,
        0.00017123074229691534,
        0.00023826505602230513,
        0.0036686852240897056,
        0.0003928571428571389
      ],
      [
        0.9931476680672268,
        0.002381293767507111,
        0.00017123074229691534,
        0.00023826505602230513,
        0.0036686852240897056,
        0.0003928571428571389
      ]
    ],
    [
      [
        0.9931476680672268,
        0.002381293767507111,
        0.00017123074229691534,
        0.00023826505602230513,
        0.0036686852240897056,
        0.0003928571428571389
      ],
      [
        0.5958446363004791,
        0.034943423473486876,
        0.0236879858874491,
        0.0034388582139590344,
        0.34169223898176854,
        0.0003928571428571389
      ],
      [
        0.03468091528484945,
        0.03803563842064345,
        0.03433323429000543,
        0.3358192290569789,
        0.5567381258046655,
        0.00039285714285713897
      ],
      [
        0.8975259182698058,
        0.04148667109865683,
        0.04051711921053575,
        0.005525920539048177,
        0.014551513739096383,
        0.000392857142857139
      ],
      [
        0.9085403159771277,
        0.036234702705518256,
        0.0350660339813099,
        0.005569980816576756,
        0.014196109376609999,
        0.0003928571428571389
      ],
      [
        0.9001875827790233,
        0.04219967205737182,
        0.03615894599767051,
        0.005807796842687365,
        0.015253145180389805,
        0.00039285714285713897
      ],
      [
        0.9049919548659932,
        0.03879092868511985,
        0.035506835125667026,
        0.005762790200627439,
        0.014554633979735467,
        0.000392857142857139
      ],
      [
        0.9001875827790233,
        0.04219967205737182,
        0.03615894599767051,
        0.005807796842687365,
        0.015253145180389805,
        0.00039285714285713897
      ],
      [
        0.8975259182698058,
        0.04148667109865683,
        0.04051711921053575,
        0.005525920539048177,
        0.014551513739096383,
        0.000392857142857139
      ],
      [
        0.8975259182698058,
        0.04148667109865683,
        0.04051711921053575,
        0.005525920539048177,
        0.014551513739096383,
        0.000392857142857139
      ],
      [
        0.9001875827790233,
        0.04219967205737182,
        0.03615894599767051,
        0.005807796842687365,
        0.015253145180389805,
        0.00039285714285713897
      ],
      [
        0.9049919548659932,
        0.03879092868511985,
        0.035506835125667026,
        0.005762790200627439,
        0.014554633979735467,
        0.000392857142857139
      ],
      [
        0.9001875827790233,
        0.04219967205737182,
        0.03615894599767051,
        0.005807796842687365,
        0.015253145180389805,
        0.00039285714285713897
      ],
      [
        0.9085403159771277,
        0.036234702705518256,
        0.0350660339813099,
        0.005569980816576756,
        0.014196109376609999,
        0.0003928571428571389
      ],
      [
        0.8975259182698058,
        0.04148667109865683,
        0.04051711921053575,
        0.005525920539048177,
        0.014551513739096383,
        0.000392857142857139
      ],
      [
        0.055089687794864846,
        0.06047354871900776,
        0.05907629419736321,
        0.008352299728454986,
        0.8164208286833643,
        0.0005873408769448315
      ],
      [
        0.055089687794864846,
        0.06047354871900776,
        0.05907629419736321,
        0.008352299728454986,
        0.8164208286833643,
        0.0005873408769448315
      ],
      [
        0.9269704641150488,
        0.034943423473486876,
        0.023687985887449102,
        0.003438858213959035,
        0.010566411167199065,
        0.00039285714285713897
      ],
      [
        0.9931476680672268,
        0.002381293767507111,
        0.00017123074229691534,
        0.00023826505602230513,
        0.0036686852240897056,
        0.0003928571428571389
      ],
      [
        0.5958446363004791,
        0.034943423473486876,
        0.0236879858874491,
        0.0034388582139590344,
        0.34169223898176854,
        0.0003928571428571389
      ],
      [
        0.03468091528484944,
        0.03803563842064344,
        0.03433323429000543,
        0.004693401242409415,
        0.887863953619235,
        0.0003928571428571389
      ],
      [
        0.9082300038916853,
        0.03538193144973068,
        0.0359793241686023,
        0.005371025512844827,
        0.014644857834279613,
        0.00039285714285713897
      ],
      [
        0.03468091528484944,
        0.03803563842064344,
        0.03433323429000543,
        0.004693401242409415,
        0.887863953619235,
        0.0003928571428571389
      ],
      [
        0.7840098973754642,
        0.07308500107926207,
        0.10077630026392131,
        0.012111705141849657,
        0.02962423899664552,
        0.0003928571428571389
      ],
      [
        0.7840098973754642,
        0.07308500107926207,
        0.10077630026392131,
        0.012111705141849657,
        0.02962423899664552,
        0.0003928571428571389
      ],
      [
        0.7605899889308952,
        0.0840690917251297,
        0.11486823633089095,
        0.010400711309501853,
        0.029679114560725035,
        0.00039285714285713886
      ],
      [
        0.03634845852465049,
        0.040372744123252716,
        0.037748368425799,
        0.005660296382212122,
        0.8794772754012284,
        0.0003928571428571389
      ],
      [
        0.8975259182698058,
        0.04148667109865683,
        0.04051711921053575,
        0.005525920539048177,
        0.014551513739096383,
        0.000392857142857139
      ],
      [
        0.9001875827790233,
        0.04219967205737182,
        0.03615894599767051,
        0.005807796842687365,
        0.015253145180389805,
        0.00039285714285713897
      ],
      [
        0.9085403159771277,
        0.036234702705518256,
        0.0350660339813099,
        0.005569980816576756,
        0.014196109376609999,
        0.0003928571428571389
      ],
      [
        0.925016542286729,
        0.03170224119732908,
        0.027164183311682823,
        0.004363071259929315,
        0.011458830458899805,
        0.00029513148542999
      ],
      [
        0.925016542286729,
        0.03170224119732908,
        0.027164183311682823,
        0.004363071259929315,
        0.011458830458899805,
        0.00029513148542999
      ],
      [
        0.8975259182698058,
        0.04148667109865683,
        0.04051711921053575,
        0.005525920539048177,
        0.014551513739096383,
        0.000392857142857139
      ],
      [
        0.9032935318716583,
        0.03978899809896844,
        0.03747453596376961,
        0.005516205752950999,
        0.013533871169795408,
        0.00039285714285713897
      ],
      [
        0.04377100254932668,
        0.04077044122174532,
        0.049853845059145446,
        0.00632990617576883,
        0.8588819478511566,
        0.00039285714285713897
      ],
      [
        0.03493667406321228,
        0.03702237225805593,
        0.036976836315635996,
        0.005535271066800952,
        0.8851359891534376,
        0.0003928571428571389
      ],
      [
        0.8975259182698058,
        0.04148667109865683,
        0.04051711921053575,
        0.005525920539048177,
        0.014551513739096383,
        0.000392857142857139
      ],
      [
        0.8975259182698058,
        0.04148667109865683,
        0.04051711921053575,
        0.005525920539048177,
        0.014551513739096383,
        0.000392857142857139
      ],
      [
        0.043884549888382994,
        0.03973381562006331,
        0.041450524372615496,
        0.006804900896593971,
        0.867733352079487,
        0.00039285714285713897
      ],
      [
        0.9931476680672268,
        0.002381293767507111,
        0.00017123074229691534,
        0.00023826505602230513,
        0.0036686852240897056,
        0.0003928571428571389
      ]
    ],
    [
      [
        0.9931476680672268,
        0.002381293767507111,
        0.00017123074229691534,
        0.00023826505602230513,
        0.0036686852240897056,
        0.0003928571428571389
      ],
      [
        0.9001875827790233,
        0.04219967205737182,
        0.03615894599767051,
        0.005807796842687365,
        0.015253145180389805,
        0.00039285714285713897
      ],
      [
        0.8872848119854411,
        0.08024747606880413,
        0.0001712307422969153,
        0.008268769979421239,
        0.023634854081179428,
        0.00039285714285713897
      ],
      [
        0.5526290368505079,
        0.41445780325753045,
        0.00017123074229691534,
        0.008625913535011272,
        0.023723158471796388,
        0.000392857142857139
      ],
      [
        0.05854643130751334,
        0.41528773712190686,
        0.00017123074229691534,
        0.008873550543418556,
        0.5167281931420072,
        0.0003928571428571389
      ],
      [
        0.8837548646650775,
        0.08333197544296089,
        0.00017123074229691534,
        0.008625913535011272,
        0.023723158471796388,
        0.000392857142857139
      ],
      [
        0.8872848119854411,
        0.08024747606880413,
        0.0001712307422969153,
        0.008268769979421239,
        0.023634854081179428,
        0.00039285714285713897
      ],
      [
        0.8017787912182072,
        0.14606962889936045,
        0.0001712307422969153,
        0.012996343013129592,
        0.038591148984148636,
        0.00039285714285713897
      ],
      [
        0.09370371223371046,
        0.14831344590910128,
        0.0001712307422969153,
        0.012668881367779005,
        0.7447498726042552,
        0.00039285714285713897
      ],
      [
        0.09370371223371046,
        0.14831344590910128,
        0.0001712307422969153,
        0.012668881367779005,
        0.7447498726042552,
        0.00039285714285713897
      ],
      [
        0.8837548646650775,
        0.08333197544296089,
        0.00017123074229691534,
        0.008625913535011272,
        0.023723158471796388,
        0.000392857142857139
      ],
      [
        0.8872848119854411,
        0.08024747606880413,
        0.0001712307422969153,
        0.008268769979421239,
        0.023634854081179428,
        0.00039285714285713897
      ],
      [
        0.8837548646650775,
        0.08333197544296089,
        0.00017123074229691534,
        0.008625913535011272,
        0.023723158471796388,
        0.000392857142857139
      ],
      [
        0.05854643130751333,
        0.08416190930733729,
        0.0001712307422969153,
        0.008873550543418556,
        0.8478540209565768,
        0.00039285714285713886
      ],
      [
        0.8837548646650775,
        0.08333197544296089,
        0.00017123074229691534,
        0.008625913535011272,
        0.023723158471796388,
        0.000392857142857139
      ],
      [
        0.8262077679646206,
        0.12458542863254549,
        0.00025599843650330904,
        0.012896167760264376,
        0.03546729632912133,
        0.0005873408769448315
      ],
      [
        0.8262077679646206,
        0.12458542863254549,
        0.00025599843650330904,
        0.012896167760264376,
        0.03546729632912133,
        0.0005873408769448315
      ],
      [
        0.9001875827790233,
        0.04219967205737182,
        0.03615894599767051,
        0.005807796842687365,
        0.015253145180389805,
        0.00039285714285713897
      ],
      [
        0.9931476680672268,
        0.002381293767507111,
        0.00017123074229691534,
        0.00023826505602230513,
        0.0036686852240897056,
        0.0003928571428571389
      ],
      [
        0.9001875827790233,
        0.04219967205737182,
        0.03615894599767051,
        0.005807796842687365,
        0.015253145180389805,
        0.00039285714285713897
      ],
      [
        0.8837548646650775,
        0.08333197544296089,
        0.00017123074229691534,
        0.008625913535011272,
        0.023723158471796388,
        0.000392857142857139
      ],
      [
        0.8819832616301394,
        0.08492451427100839,
        0.00017123074229691537,
        0.008729581065258254,
        0.02379855514843998,
        0.0003928571428571391
      ],
      [
        0.8819832616301394,
        0.08492451427100839,
        0.00017123074229691537,
        0.008729581065258254,
        0.02379855514843998,
        0.0003928571428571391
      ],
      [
        0.8009692933250215,
        0.1433338267421641,
        0.00017123074229691534,
        0.012617034394838793,
        0.04251575765282155,
        0.000392857142857139
      ],
      [
        0.29459776018827755,
        0.2210730439933351,
        0.0001712307422969153,
        0.01855826630687446,
        0.4652068416263588,
        0.00039285714285713897
      ],
      [
        0.09215583990686427,
        0.1503640870186954,
        0.0001712307422969153,
        0.013090716142370276,
        0.7438252690469158,
        0.00039285714285713897
      ],
      [
        0.05896625062267478,
        0.09056539132235285,
        0.0001712307422969153,
        0.00909473725487574,
        0.8408095329149425,
        0.00039285714285713897
      ],
      [
        0.7994636569200725,
        0.1463770725728584,
        0.00017123074229691534,
        0.01311301564938781,
        0.04048216697252731,
        0.000392857142857139
      ],
      [
        0.7994636569200725,
        0.1463770725728584,
        0.00017123074229691534,
        0.01311301564938781,
        0.04048216697252731,
        0.000392857142857139
      ],
      [
        0.09370371223371046,
        0.14831344590910128,
        0.0001712307422969153,
        0.012668881367779005,
        0.7447498726042552,
        0.00039285714285713897
      ],
      [
        0.9126715649971477,
        0.06260262831784624,
        0.0001286360302827573,
        0.006480163899436329,
        0.01782187526985699,
        0.00029513148542999
      ],
      [
        0.9153234159691621,
        0.060285417345221005,
        0.00012863603028275727,
        0.006211862024341328,
        0.01775553714556265,
        0.00029513148542998995
      ],
      [
        0.057559497891430236,
        0.08792049597635904,
        0.0001712307422969153,
        0.008509403081916118,
        0.8454465151651405,
        0.00039285714285713886
      ],
      [
        0.05896625062267478,
        0.09056539132235285,
        0.0001712307422969153,
        0.00909473725487574,
        0.8408095329149425,
        0.00039285714285713897
      ],
      [
        0.886365118549054,
        0.08201499968367215,
        0.00017123074229691534,
        0.007529680196895825,
        0.023526113685223952,
        0.000392857142857139
      ],
      [
        0.05896625062267478,
        0.09056539132235285,
        0.0001712307422969153,
        0.00909473725487574,
        0.8408095329149425,
        0.00039285714285713897
      ],
      [
        0.8875237987345878,
        0.08121606905218265,
        0.00017123074229691534,
        0.008241152276570289,
        0.022454892051505315,
        0.0003928571428571389
      ],
      [
        0.8792003927863027,
        0.087371695699696,
        0.0001712307422969153,
        0.008920796457521512,
        0.023943027171325654,
        0.00039285714285713897
      ],
      [
        0.03634845852465049,
        0.040372744123252716,
        0.037748368425799,
        0.005660296382212122,
        0.8794772754012284,
        0.0003928571428571389
      ],
      [
        0.9931476680672268,
        0.002381293767507111,
        0.00017123074229691534,
        0.00023826505602230513,
        0.0036686852240897056,
        0.0003928571428571389
      ]
    ],
    [
      [
        0.9931476680672268,
        0.002381293767507111,
        0.00017123074229691534,
        0.00023826505602230513,
        0.0036686852240897056,
        0.0003928571428571389
      ],
      [
        0.5774144881625585,
        0.036234702705518256,
        0.035066033981309905,
        0.005569980816576757,
        0.3453219371911795,
        0.00039285714285713897
      ],
      [
        0.8861153868257853,
        0.08151266590484432,
        0.0001712307422969153,
        0.008214849050541104,
        0.02359301033367519,
        0.00039285714285713897
      ],
      [
        0.5559586790332434,
        0.41134810143234757,
        0.0001712307422969153,
        0.008593114224084802,
        0.02353601742517023,
        0.00039285714285713897
      ],
      [
        0.886240076073692,
        0.08145312146132498,
        0.00017123074229691537,
        0.008329571897498299,
        0.02341314268233068,
        0.00039285714285713897
      ],
      [
        0.8875237987345878,
        0.08121606905218265,
        0.00017123074229691534,
        0.008241152276570289,
        0.022454892051505315,
        0.0003928571428571389
      ],
      [
        0.05755949789143024,
        0.08792049597635905,
        0.00017123074229691534,
        0.33963523089648573,
        0.514320687350571,
        0.0003928571428571389
      ],
      [
        0.47078025348799263,
        0.14472162113058387,
        0.0001712307422969153,
        0.012396817198972643,
        0.37153722029729674,
        0.00039285714285713886
      ],
      [
        0.6272509933694557,
        0.22189380449894158,
        0.00017123074229691529,
        0.018910775348305625,
        0.13138033889814288,
        0.0003928571428571389
      ],
      [
        0.8009692933250215,
        0.1433338267421641,
        0.00017123074229691534,
        0.012617034394838793,
        0.04251575765282155,
        0.000392857142857139
      ],
      [
        0.8837548646650775,
        0.08333197544296089,
        0.00017123074229691534,
        0.008625913535011272,
        0.023723158471796388,
        0.000392857142857139
      ],
      [
        0.055952962792302274,
        0.08087043279763216,
        0.00017123074229691529,
        0.00852438218836401,
        0.8540881343365474,
        0.0003928571428571389
      ],
      [
        0.8862052235501738,
        0.08232316049456363,
        0.00017123074229691534,
        0.008195764087500458,
        0.022711763982608022,
        0.000392857142857139
      ],
      [
        0.8862052235501738,
        0.08232316049456363,
        0.00017123074229691534,
        0.008195764087500458,
        0.022711763982608022,
        0.000392857142857139
      ],
      [
        0.8819832616301394,
        0.08492451427100839,
        0.00017123074229691537,
        0.008729581065258254,
        0.02379855514843998,
        0.0003928571428571391
      ],
      [
        0.8297368654524115,
        0.12186547080823258,
        0.000255998436503309,
        0.01228160600625452,
        0.035272718419653,
        0.0005873408769448314
      ],
      [
        0.8358822198717285,
        0.11755515738178456,
        0.00025599843650330904,
        0.011661188139631719,
        0.034058095293407094,
        0.0005873408769448315
      ],
      [
        0.9049919548659932,
        0.03879092868511985,
        0.035506835125667026,
        0.005762790200627439,
        0.014554633979735467,
        0.000392857142857139
      ],
      [
        0.9931476680672268,
        0.002381293767507111,
        0.00017123074229691534,
        0.00023826505602230513,
        0.0036686852240897056,
        0.0003928571428571389
      ],
      [
        0.7840098973754642,
        0.07308500107926207,
        0.10077630026392131,
        0.012111705141849657,
        0.02962423899664552,
        0.0003928571428571389
      ],
      [
        0.8009692933250215,
        0.1433338267421641,
        0.00017123074229691534,
        0.012617034394838793,
        0.04251575765282155,
        0.000392857142857139
      ],
      [
        0.10205538543272381,
        0.15400614163395485,
        0.00017123074229691529,
        0.013685303975922134,
        0.7296890810722451,
        0.0003928571428571389
      ],
      [
        0.7933236214519455,
        0.14976203072715066,
        0.00017123074229691529,
        0.01327155395679573,
        0.04307870597895396,
        0.0003928571428571389
      ],
      [
        0.10201287101326047,
        0.16283155605366792,
        0.00017123074229691529,
        0.013943114452198533,
        0.7206483705957188,
        0.0003928571428571389
      ],
      [
        0.7612410028317734,
        0.17584251389607922,
        0.00017123074229691534,
        0.016866737755461724,
        0.04548565763153154,
        0.000392857142857139
      ],
      [
        0.8178371115903533,
        0.1331741550250565,
        0.0001712307422969153,
        0.010218996844684565,
        0.03820564865475146,
        0.00039285714285713886
      ],
      [
        0.8019060813025621,
        0.14472162113058387,
        0.0001712307422969153,
        0.012396817198972643,
        0.04041139248272718,
        0.00039285714285713886
      ],
      [
        0.08394727403499824,
        0.11552987467972613,
        0.00017123074229691534,
        0.009924571958822414,
        0.7900341914412992,
        0.000392857142857139
      ],
      [
        0.6178209532636432,
        0.2341830602700756,
        0.00017123074229691529,
        0.019643375273044498,
        0.1277885233080825,
        0.0003928571428571389
      ],
      [
        0.4345444317109778,
        0.13402526598773493,
        0.00017123074229691529,
        0.009889812143144647,
        0.4209764022729885,
        0.0003928571428571389
      ],
      [
        0.8493483193777659,
        0.10996486546518218,
        0.0001286360302827573,
        0.009851071457997808,
        0.030411976183341412,
        0.00029513148542999
      ],
      [
        0.869518596348187,
        0.09639005442093404,
        0.0001286360302827573,
        0.009085284409508608,
        0.02458229730565768,
        0.00029513148542999
      ],
      [
        0.8792003927863027,
        0.087371695699696,
        0.0001712307422969153,
        0.008920796457521512,
        0.023943027171325654,
        0.00039285714285713897
      ],
      [
        0.057559497891430236,
        0.08792049597635904,
        0.0001712307422969153,
        0.008509403081916118,
        0.8454465151651405,
        0.00039285714285713886
      ],
      [
        0.879880884297955,
        0.08587735738265885,
        0.0001712307422969153,
        0.008785266132458738,
        0.024892404301773224,
        0.00039285714285713897
      ],
      [
        0.05327425185253688,
        0.08172126654782048,
        0.00017123074229691529,
        0.008060509324479789,
        0.8563798843900088,
        0.0003928571428571389
      ],
      [
        0.8862052235501738,
        0.08232316049456363,
        0.00017123074229691534,
        0.008195764087500458,
        0.022711763982608022,
        0.000392857142857139
      ],
      [
        0.055952962792302274,
        0.08087043279763216,
        0.00017123074229691529,
        0.00852438218836401,
        0.8540881343365474,
        0.0003928571428571389
      ],
      [
        0.9082300038916853,
        0.03538193144973068,
        0.0359793241686023,
        0.005371025512844827,
        0.014644857834279613,
        0.00039285714285713897
      ],
      [
        0.9931476680672268,
        0.002381293767507111,
        0.00017123074229691534,
        0.00023826505602230513,
        0.0036686852240897056,
        0.0003928571428571389
      ]
    ],
    [
      [
        0.9931476680672268,
        0.002381293767507111,
        0.00017123074229691534,
        0.00023826505602230513,
        0.0036686852240897056,
        0.0003928571428571389
      ],
      [
        0.08155721539360772,
        0.07240019422241716,
        0.10155882234000779,
        0.3443574749415891,
        0.3997334359595211,
        0.00039285714285713897
      ],
      [
        0.8009692933250215,
        0.1433338267421641,
        0.00017123074229691534,
        0.012617034394838793,
        0.04251575765282155,
        0.000392857142857139
      ],
      [
        0.8009692933250215,
        0.1433338267421641,
        0.00017123074229691534,
        0.012617034394838793,
        0.04251575765282155,
        0.000392857142857139
      ],
      [
        0.3870787906068719,
        0.08087043279763219,
        0.00017123074229691534,
        0.008524382188364014,
        0.522962306521978,
        0.000392857142857139
      ],
      [
        0.8792003927863027,
        0.087371695699696,
        0.0001712307422969153,
        0.008920796457521512,
        0.023943027171325654,
        0.00039285714285713897
      ],
      [
        0.05327425185253688,
        0.08172126654782048,
        0.00017123074229691529,
        0.008060509324479789,
        0.8563798843900088,
        0.0003928571428571389
      ],
      [
        0.0973647964015748,
        0.14906201864052612,
        0.0001712307422969153,
        0.013826451714300058,
        0.7391826453584449,
        0.00039285714285713897
      ],
      [
        0.7933236214519455,
        0.14976203072715066,
        0.00017123074229691529,
        0.01327155395679573,
        0.04307870597895396,
        0.0003928571428571389
      ],
      [
        0.8201510649586257,
        0.13187009131807284,
        0.00017123074229691534,
        0.011862208602665564,
        0.03555254723548193,
        0.0003928571428571389
      ],
      [
        0.8819832616301394,
        0.08492451427100839,
        0.00017123074229691537,
        0.008729581065258254,
        0.02379855514843998,
        0.0003928571428571391
      ],
      [
        0.5550793957356044,
        0.08232316049456363,
        0.00017123074229691534,
        0.008195764087500458,
        0.35383759179717755,
        0.000392857142857139
      ],
      [
        0.06096484536482027,
        0.09051700484035026,
        0.0001712307422969153,
        0.009600581720237407,
        0.8383534801894379,
        0.00039285714285713886
      ],
      [
        0.3952126252639531,
        0.09449879840342282,
        0.0001712307422969153,
        0.010362398836864625,
        0.4993620896106054,
        0.00039285714285713897
      ],
      [
        0.05896625062267478,
        0.09056539132235285,
        0.0001712307422969153,
        0.3402205650694453,
        0.509683705100373,
        0.00039285714285713897
      ],
      [
        0.8235591337242677,
        0.12696635301903234,
        0.0002559984365033091,
        0.013051155850039567,
        0.03558001809321225,
        0.0005873408769448316
      ],
      [
        0.8262077679646206,
        0.12458542863254549,
        0.00025599843650330904,
        0.012896167760264376,
        0.03546729632912133,
        0.0005873408769448315
      ],
      [
        0.8024017125814924,
        0.06642734513769322,
        0.08217912761941235,
        0.01361997842826425,
        0.034978979090280554,
        0.00039285714285713886
      ],
      [
        0.9931476680672268,
        0.002381293767507111,
        0.00017123074229691534,
        0.00023826505602230513,
        0.0036686852240897056,
        0.0003928571428571389
      ],
      [
        0.08739195354770067,
        0.07109120245275137,
        0.09479595389726328,
        0.013163352956997025,
        0.7331646800024305,
        0.0003928571428571389
      ],
      [
        0.3427610791038238,
        0.15915283535870559,
        0.0001712307422969153,
        0.013023816685139238,
        0.4844981809671772,
        0.00039285714285713897
      ],
      [
        0.7933236214519455,
        0.14976203072715066,
        0.00017123074229691529,
        0.01327155395679573,
        0.04307870597895396,
        0.0003928571428571389
      ],
      [
        0.0973647964015748,
        0.14906201864052612,
        0.0001712307422969153,
        0.013826451714300058,
        0.7391826453584449,
        0.00039285714285713897
      ],
      [
        0.6272509933694557,
        0.22189380449894158,
        0.00017123074229691529,
        0.018910775348305625,
        0.13138033889814288,
        0.0003928571428571389
      ],
      [
        0.8083179391205397,
        0.13827433815906456,
        0.00017123074229691534,
        0.012430299644371612,
        0.04041333519087003,
        0.0003928571428571389
      ],
      [
        0.4646053632427384,
        0.14705155940397535,
        0.0001712307422969153,
        0.012114281227581751,
        0.3756647082405504,
        0.00039285714285713897
      ],
      [
        0.6257235880028471,
        0.2210730439933351,
        0.0001712307422969153,
        0.01855826630687446,
        0.13408101381178925,
        0.00039285714285713897
      ],
      [
        0.09656193035557376,
        0.1646508888321963,
        0.00017123074229691529,
        0.012513563046067508,
        0.7257095298810085,
        0.0003928571428571389
      ],
      [
        0.8019060813025621,
        0.14472162113058387,
        0.0001712307422969153,
        0.012396817198972643,
        0.04041139248272718,
        0.00039285714285713886
      ],
      [
        0.09656193035557377,
        0.49577671664676587,
        0.0001712307422969153,
        0.01251356304606751,
        0.39458370206643884,
        0.00039285714285713897
      ],
      [
        0.719974626859641,
        0.16669634069323477,
        0.0001286360302827573,
        0.014206602376090298,
        0.0986986625553213,
        0.00029513148542999
      ],
      [
        0.8468722663900581,
        0.10962688888329145,
        0.0001286360302827573,
        0.009648159251337276,
        0.03342891795960048,
        0.00029513148542999
      ],
      [
        0.8870845068478128,
        0.08022227361777802,
        0.00017123074229691534,
        0.008593114224084803,
        0.023536017425170235,
        0.000392857142857139
      ],
      [
        0.8872848119854411,
        0.08024747606880413,
        0.0001712307422969153,
        0.008268769979421239,
        0.023634854081179428,
        0.00039285714285713897
      ],
      [
        0.8819832616301394,
        0.08492451427100839,
        0.00017123074229691537,
        0.008729581065258254,
        0.02379855514843998,
        0.0003928571428571391
      ],
      [
        0.057559497891430236,
        0.08792049597635904,
        0.0001712307422969153,
        0.008509403081916118,
        0.8454465151651405,
        0.00039285714285713886
      ],
      [
        0.8862052235501738,
        0.08232316049456363,
        0.00017123074229691534,
        0.008195764087500458,
        0.022711763982608022,
        0.000392857142857139
      ],
      [
        0.8837548646650775,
        0.08333197544296089,
        0.00017123074229691534,
        0.008625913535011272,
        0.023723158471796388,
        0.000392857142857139
      ],
      [
        0.9001875827790233,
        0.04219967205737182,
        0.03615894599767051,
        0.005807796842687365,
        0.015253145180389805,
        0.00039285714285713897
      ],
      [
        0.9931476680672268,
        0.002381293767507111,
        0.00017123074229691534,
        0.00023826505602230513,
        0.0036686852240897056,
        0.0003928571428571389
      ]
    ],
    [
      [
        0.9931476680672268,
        0.002381293767507111,
        0.00017123074229691534,
        0.00023826505602230513,
        0.0036686852240897056,
        0.0003928571428571389
      ],
      [
        0.4540769744912871,
        0.06838442318356253,
        0.10730277398347571,
        0.3426581459035464,
        0.027184825295271005,
        0.0003928571428571389
      ],
      [
        0.2961251655548862,
        0.2218938044989416,
        0.0001712307422969153,
        0.3500366031628752,
        0.1313803388981429,
        0.00039285714285713897
      ],
      [
        0.08694539638029723,
        0.12193013250908076,
        0.0001712307422969153,
        0.009334476318840101,
        0.7812259069066279,
        0.00039285714285713886
      ],
      [
        0.8833502044391213,
