{
  "prediction": [
    [
      [
        0.9933214991830063,
        0.002162630718954361,
        0.00015141339869280586,
        0.0002248379629628623,
        0.0037567211328976445,
        0.0003828976034858321
      ],
      [
        0.9933214991830063,
        0.002162630718954361,
        0.00015141339869280586,
        0.0002248379629628623,
        0.0037567211328976445,
        0.0003828976034858321
      ],
      [
        0.9933214991830063,
        0.002162630718954361,
        0.00015141339869280586,
        0.0002248379629628623,
        0.0037567211328976445,
        0.0003828976034858321
      ],
      [
        0.9933214991830063,
        0.002162630718954361,
        0.00015141339869280586,
        0.0002248379629628623,
        0.0037567211328976445,
        0.0003828976034858321
      ],
      [
        0.9933214991830063,
        0.002162630718954361,
        0.00015141339869280586,
        0.0002248379629628623,
        0.0037567211328976445,
        0.0003828976034858321
      ],
      [
        0.9933214991830063,
        0.002162630718954361,
        0.00015141339869280586,
        0.0002248379629628623,
        0.0037567211328976445,
        0.0003828976034858321
      ],
      [
        0.9933214991830063,
        0.002162630718954361,
        0.00015141339869280586,
        0.0002248379629628623,
        0.0037567211328976445,
        0.0003828976034858321
      ],
      [
        0.9933214991830063,
        0.002162630718954361,
        0.00015141339869280586,
        0.0002248379629628623,
        0.0037567211328976445,
        0.0003828976034858321
      ],
      [
        0.9933214991830063,
        0.002162630718954361,
        0.00015141339869280586,
        0.0002248379629628623,
        0.0037567211328976445,
        0.0003828976034858321
      ],
      [
        0.9933214991830063,
        0.002162630718954361,
        0.00015141339869280586,
        0.0002248379629628623,
        0.0037567211328976445,
        0.0003828976034858321
      ],
      [
        0.9933214991830063,
        0.002162630718954361,
        0.00015141339869280586,
        0.0002248379629628623,
        0.0037567211328976445,
        0.0003828976034858321
      ],
      [
        0.9933214991830063,
        0.002162630718954361,
        0.00015141339869280586,
        0.0002248379629628623,
        0.0037567211328976445,
        0.0003828976034858321
      ],
      [
        0.9933214991830063,
        0.002162630718954361,
        0.00015141339869280586,
        0.0002248379629628623,
        0.0037567211328976445,
        0.0003828976034858321
      ],
      [
        0.9933214991830063,
        0.002162630718954361,
        0.00015141339869280586,
        0.0002248379629628623,
        0.0037567211328976445,
        0.0003828976034858321
      ],
      [
        0.9933214991830063,
        0.002162630718954361,
        0.00015141339869280586,
        0.0002248379629628623,
        0.0037567211328976445,
        0.0003828976034858321
      ],
      [
        0.9933214991830063,
        0.002162630718954361,
        0.00015141339869280586,
        0.0002248379629628623,
        0.0037567211328976445,
        0.0003828976034858321
      ],
      [
        0.9933214991830063,
        0.002162630718954361,
        0.00015141339869280586,
        0.0002248379629628623,
        0.0037567211328976445,
        0.0003828976034858321
      ],
      [
        0.9933214991830063,
        0.002162630718954361,
        0.00015141339869280586,
        0.0002248379629628623,
        0.0037567211328976445,
        0.0003828976034858321
      ],
      [
        0.9933214991830063,
        0.002162630718954361,
        0.00015141339869280586,
        0.0002248379629628623,
        0.0037567211328976445,
        0.0003828976034858321
      ],
      [
        0.9933214991830063,
        0.002162630718954361,
        0.00015141339869280586,
        0.0002248379629628623,
        0.0037567211328976445,
        0.0003828976034858321
      ],
      [
        0.9933214991830063,
        0.002162630718954361,
        0.00015141339869280586,
        0.0002248379629628623,
        0.0037567211328976445,
        0.0003828976034858321
      ],
      [
        0.9933214991830063,
        0.002162630718954361,
        0.00015141339869280586,
        0.0002248379629628623,
        0.0037567211328976445,
        0.0003828976034858321
      ],
      [
        0.9933214991830063,
        0.002162630718954361,
        0.00015141339869280586,
        0.0002248379629628623,
        0.0037567211328976445,
        0.0003828976034858321
      ],
      [
        0.9933214991830063,
        0.002162630718954361,
        0.00015141339869280586,
        0.0002248379629628623,
        0.0037567211328976445,
        0.0003828976034858321
      ],
      [
        0.9933214991830063,
        0.002162630718954361,
        0.00015141339869280586,
        0.0002248379629628623,
        0.0037567211328976445,
        0.0003828976034858321
      ],
      [
        0.9933214991830063,
        0.002162630718954361,
        0.00015141339869280586,
        0.0002248379629628623,
        0.0037567211328976445,
        0.0003828976034858321
      ],
      [
        0.9933214991830063,
        0.002162630718954361,
        0.00015141339869280586,
        0.0002248379629628623,
        0.0037567211328976445,
        0.0003828976034858321
      ],
      [
        0.9933214991830063,
        0.002162630718954361,
        0.00015141339869280586,
        0.0002248379629628623,
        0.0037567211328976445,
        0.0003828976034858321
      ],
      [
        0.9933214991830063,
        0.002162630718954361,
        0.00015141339869280586,
        0.0002248379629628623,
        0.0037567211328976445,
        0.0003828976034858321
      ],
      [
        0.9933214991830063,
        0.002162630718954361,
        0.00015141339869280586,
        0.0002248379629628623,
        0.0037567211328976445,
        0.0003828976034858321
      ],
      [
        0.9933214991830063,
        0.002162630718954361,
        0.00015141339869280586,
        0.0002248379629628623,
        0.0037567211328976445,
        0.0003828976034858321
      ],
      [
        0.9933214991830063,
        0.002162630718954361,
        0.00015141339869280586,
        0.0002248379629628623,
        0.0037567211328976445,
        0.0003828976034858321
      ],
      [
        0.9933214991830063,
        0.002162630718954361,
        0.00015141339869280586,
        0.0002248379629628623,
        0.0037567211328976445,
        0.0003828976034858321
      ],
      [
        0.9933214991830063,
        0.002162630718954361,
        0.00015141339869280586,
        0.0002248379629628623,
        0.0037567211328976445,
        0.0003828976034858321
      ],
      [
        0.9933214991830063,
        0.002162630718954361,
        0.00015141339869280586,
        0.0002248379629628623,
        0.0037567211328976445,
        0.0003828976034858321
      ],
      [
        0.9933214991830063,
        0.002162630718954361,
        0.00015141339869280586,
        0.0002248379629628623,
        0.0037567211328976445,
        0.0003828976034858321
      ],
      [
        0.9933214991830063,
        0.002162630718954361,
        0.00015141339869280586,
        0.0002248379629628623,
        0.0037567211328976445,
        0.0003828976034858321
      ],
      [
        0.9933214991830063,
        0.002162630718954361,
        0.00015141339869280586,
        0.0002248379629628623,
        0.0037567211328976445,
        0.0003828976034858321
      ],
      [
        0.9933214991830063,
        0.002162630718954361,
        0.00015141339869280586,
        0.0002248379629628623,
        0.0037567211328976445,
        0.0003828976034858321
      ],
      [
        0.9933214991830063,
        0.002162630718954361,
        0.00015141339869280586,
        0.0002248379629628623,
        0.0037567211328976445,
        0.0003828976034858321
      ]
    ],
    [
      [
        0.9933214991830063,
        0.002162630718954361,
        0.00015141339869280586,
        0.0002248379629628623,
        0.0037567211328976445,
        0.0003828976034858321
      ],
      [
        0.9332716369255522,
        0.03059909733824005,
        0.020527616440887374,
        0.0033512786177246736,
        0.01186747307410988,
        0.00038289760348583215
      ],
      [
        0.03956841710766536,
        0.03675332554268767,
        0.03592168439770061,
        0.0053972091935590005,
        0.8819764661549014,
        0.0003828976034858321
      ],
      [
        0.03956841710766536,
        0.03675332554268767,
        0.03592168439770061,
        0.0053972091935590005,
        0.8819764661549014,
        0.0003828976034858321
      ],
      [
        0.9150937939345928,
        0.032349843837453575,
        0.031289074488006934,
        0.00529204395350491,
        0.015592346182955956,
        0.00038289760348583215
      ],
      [
        0.918317550296907,
        0.031553565739116496,
        0.025557312238516303,
        0.0052785176649475535,
        0.018910156457026733,
        0.00038289760348583215
      ],
      [
        0.9933214991830063,
        0.002162630718954361,
        0.00015141339869280586,
        0.0002248379629628623,
        0.0037567211328976445,
        0.0003828976034858321
      ],
      [
        0.9422515792609222,
        0.02407562972973282,
        0.013142540704000097,
        0.003567417927607739,
        0.01657993477425127,
        0.00038289760348583215
      ],
      [
        0.9147594728612296,
        0.030556884946532033,
        0.03360359371734156,
        0.004774282080480871,
        0.015922868790930043,
        0.00038289760348583215
      ],
      [
        0.8172411742235071,
        0.0553799031717275,
        0.08482136868988312,
        0.010496847678344882,
        0.03167780863305151,
        0.0003828976034858322
      ],
      [
        0.8037238201199881,
        0.061911012932544106,
        0.09403708164350064,
        0.011064993740434067,
        0.02888019396004728,
        0.0003828976034858322
      ],
      [
        0.08689495289287213,
        0.06376581553381229,
        0.10084378286538809,
        0.012999861855251729,
        0.7351126892491899,
        0.00038289760348583204
      ],
      [
        0.9097349995591133,
        0.03417721733756859,
        0.03397353157090516,
        0.005341513999335917,
        0.01638983992959115,
        0.00038289760348583215
      ],
      [
        0.9107293680345062,
        0.03573027516873703,
        0.031147122626564844,
        0.005392249286817345,
        0.01661808727988857,
        0.000382897603485832
      ],
      [
        0.9100302229972106,
        0.03555499087353676,
        0.03248944711652438,
        0.005640967055104787,
        0.015901474354137274,
        0.000382897603485832
      ],
      [
        0.9150937939345928,
        0.032349843837453575,
        0.031289074488006934,
        0.00529204395350491,
        0.015592346182955956,
        0.00038289760348583215
      ],
      [
        0.039353239833341866,
        0.03345684237755835,
        0.029588545298242636,
        0.004755067183584958,
        0.8924634077037863,
        0.00038289760348583215
      ],
      [
        0.9165665914875188,
        0.03075328236674961,
        0.03173443328676788,
        0.00492474810105414,
        0.015638047154423535,
        0.00038289760348583215
      ],
      [
        0.040034507566065594,
        0.03308468481110631,
        0.031164624612444725,
        0.005569974281562785,
        0.8897633111253347,
        0.00038289760348583204
      ],
      [
        0.9165665914875188,
        0.03075328236674961,
        0.03173443328676788,
        0.00492474810105414,
        0.015638047154423535,
        0.00038289760348583215
      ],
      [
        0.9107293680345062,
        0.03573027516873703,
        0.031147122626564844,
        0.005392249286817345,
        0.01661808727988857,
        0.000382897603485832
      ],
      [
        0.9100302229972106,
        0.03555499087353676,
        0.03248944711652438,
        0.005640967055104787,
        0.015901474354137274,
        0.000382897603485832
      ],
      [
        0.9150937939345928,
        0.032349843837453575,
        0.031289074488006934,
        0.00529204395350491,
        0.015592346182955956,
        0.00038289760348583215
      ],
      [
        0.03956841710766536,
        0.03675332554268767,
        0.03592168439770061,
        0.0053972091935590005,
        0.8819764661549014,
        0.0003828976034858321
      ],
      [
        0.03956841710766536,
        0.03675332554268767,
        0.03592168439770061,
        0.0053972091935590005,
        0.8819764661549014,
        0.0003828976034858321
      ],
      [
        0.9150937939345928,
        0.032349843837453575,
        0.031289074488006934,
        0.00529204395350491,
        0.015592346182955956,
        0.00038289760348583215
      ],
      [
        0.9100302229972106,
        0.03555499087353676,
        0.03248944711652438,
        0.005640967055104787,
        0.015901474354137274,
        0.000382897603485832
      ],
      [
        0.9019299185777263,
        0.033612570426694556,
        0.04497531684844018,
        0.005784990971047366,
        0.01331430557260574,
        0.0003828976034858321
      ],
      [
        0.012929342320261397,
        0.0021626307189543613,
        0.00015141339869280588,
        0.00022483796296286234,
        0.003756721132897645,
        0.9807750544662309
      ],
      [
        0.9019299185777263,
        0.033612570426694556,
        0.04497531684844018,
        0.005784990971047366,
        0.01331430557260574,
        0.0003828976034858321
      ],
      [
        0.9100302229972106,
        0.03555499087353676,
        0.03248944711652438,
        0.005640967055104787,
        0.015901474354137274,
        0.000382897603485832
      ],
      [
        0.9062648242649308,
        0.03595279173354206,
        0.035534340248017535,
        0.005296930145811301,
        0.01656821600421233,
        0.000382897603485832
      ],
      [
        0.03956841710766536,
        0.03675332554268767,
        0.03592168439770061,
        0.0053972091935590005,
        0.8819764661549014,
        0.0003828976034858321
      ],
      [
        0.9062648242649308,
        0.03595279173354206,
        0.035534340248017535,
        0.005296930145811301,
        0.01656821600421233,
        0.000382897603485832
      ],
      [
        0.9120854894044038,
        0.033272167581665596,
        0.028862444063723982,
        0.006287155008618081,
        0.01910984633810251,
        0.00038289760348583204
      ],
      [
        0.03879208386678713,
        0.024932584288998444,
        0.021521557251494516,
        0.005244483978261838,
        0.9091263930109722,
        0.0003828976034858321
      ],
      [
        0.9175015436962246,
        0.03255287533442024,
        0.0312412349194207,
        0.004699667129852616,
        0.013621781316595959,
        0.0003828976034858322
      ],
      [
        0.0375641874298392,
        0.024041284865301216,
        0.02704746869141289,
        0.003948616660821273,
        0.9070155447491395,
        0.00038289760348583215
      ],
      [
        0.038681591012895075,
        0.028432428621285092,
        0.029537724292809188,
        0.005084771714179485,
        0.8978805867553453,
        0.00038289760348583215
      ],
      [
        0.9933214991830063,
        0.002162630718954361,
        0.00015141339869280586,
        0.0002248379629628623,
        0.0037567211328976445,
        0.0003828976034858321
      ]
    ],
    [
      [
        0.9933214991830063,
        0.002162630718954361,
        0.00015141339869280586,
        0.0002248379629628623,
        0.0037567211328976445,
        0.0003828976034858321
      ],
      [
        0.9107293680345062,
        0.03573027516873703,
        0.031147122626564844,
        0.005392249286817345,
        0.01661808727988857,
        0.000382897603485832
      ],
      [
        0.8860705580796604,
        0.07936604681377363,
        0.00015141339869280588,
        0.008395645062670916,
        0.02563343904171652,
        0.00038289760348583215
      ],
      [
        0.8846116534880099,
        0.08115247390512793,
        0.0001514133986928059,
        0.008438240374106249,
        0.025263321230577458,
        0.0003828976034858322
      ],
      [
        0.8383251093534384,
        0.11274653531751942,
        0.00015141339869280588,
        0.010949669244843266,
        0.03744437508202019,
        0.00038289760348583215
      ],
      [
        0.8160855720172477,
        0.13227841213241323,
        0.0001582995565195343,
        0.011598196476718097,
        0.03949662221361548,
        0.00038289760348583215
      ],
      [
        0.8531721453164709,
        0.0467240719624783,
        0.051463644171984034,
        0.008388639018152755,
        0.039868601927428075,
        0.00038289760348583215
      ],
      [
        0.9933214991830063,
        0.002162630718954361,
        0.00015141339869280586,
        0.0002248379629628623,
        0.0037567211328976445,
        0.0003828976034858321
      ],
      [
        0.9178747609099044,
        0.029183971411564584,
        0.021781711670302302,
        0.00615259478023086,
        0.02462406362451207,
        0.00038289760348583215
      ],
      [
        0.48495974420267823,
        0.1322784121324132,
        0.00015829955651953427,
        0.011598196476718095,
        0.370622450028185,
        0.00038289760348583204
      ],
      [
        0.3088824501966505,
        0.1993976113431872,
        0.00015141339869280588,
        0.017364660214438492,
        0.47382096724354517,
        0.00038289760348583215
      ],
      [
        0.08828150619940844,
        0.1326799850410286,
        0.00015141339869280588,
        0.012072241070026996,
        0.7664319566873573,
        0.00038289760348583215
      ],
      [
        0.06318281366412143,
        0.08411166125928901,
        0.00015141339869280586,
        0.008967261063920543,
        0.8432039530104903,
        0.00038289760348583204
      ],
      [
        0.8846116534880099,
        0.08115247390512793,
        0.0001514133986928059,
        0.008438240374106249,
        0.025263321230577458,
        0.0003828976034858322
      ],
      [
        0.8901414652737378,
        0.07586886072857306,
        0.00015141339869280586,
        0.007957830290867465,
        0.025497532704642806,
        0.00038289760348583204
      ],
      [
        0.8901414652737378,
        0.07586886072857306,
        0.00015141339869280586,
        0.007957830290867465,
        0.025497532704642806,
        0.00038289760348583204
      ],
      [
        0.8911132313357001,
        0.07502227641430795,
        0.00015141339869280588,
        0.007993189362095993,
        0.025336991885717388,
        0.00038289760348583204
      ],
      [
        0.8920619949665328,
        0.07416966584207296,
        0.00015141339869280588,
        0.008125596930700809,
        0.02510843125851494,
        0.00038289760348583215
      ],
      [
        0.889927190792048,
        0.07708612370739887,
        0.00015141339869280588,
        0.007890491195729828,
        0.024561883302644662,
        0.00038289760348583215
      ],
      [
        0.058699472263735716,
        0.07507632444365779,
        0.00015141339869280586,
        0.008178954059835694,
        0.857510938230592,
        0.00038289760348583204
      ],
      [
        0.8911132313357001,
        0.07502227641430795,
        0.00015141339869280588,
        0.007993189362095993,
        0.025336991885717388,
        0.00038289760348583204
      ],
      [
        0.8948955253009058,
        0.07211644894101607,
        0.00015141339869280583,
        0.007502748940136847,
        0.024950965815762484,
        0.000382897603485832
      ],
      [
        0.8920619949665328,
        0.07416966584207296,
        0.00015141339869280588,
        0.008125596930700809,
        0.02510843125851494,
        0.00038289760348583215
      ],
      [
        0.8846116534880099,
        0.08115247390512793,
        0.0001514133986928059,
        0.008438240374106249,
        0.025263321230577458,
        0.0003828976034858322
      ],
      [
        0.8860705580796604,
        0.07936604681377363,
        0.00015141339869280588,
        0.008395645062670916,
        0.02563343904171652,
        0.00038289760348583215
      ],
      [
        0.8901414652737378,
        0.07586886072857306,
        0.00015141339869280586,
        0.007957830290867465,
        0.025497532704642806,
        0.00038289760348583204
      ],
      [
        0.8948955253009058,
        0.07211644894101607,
        0.00015141339869280583,
        0.007502748940136847,
        0.024950965815762484,
        0.000382897603485832
      ],
      [
        0.8644570802668008,
        0.09195072492591111,
        0.00015141339869280586,
        0.012368782632499799,
        0.030689101172609524,
        0.00038289760348583204
      ],
      [
        0.012929342320261397,
        0.0021626307189543613,
        0.00015141339869280588,
        0.00022483796296286234,
        0.003756721132897645,
        0.9807750544662309
      ],
      [
        0.8644570802668008,
        0.09195072492591111,
        0.00015141339869280586,
        0.012368782632499799,
        0.030689101172609524,
        0.00038289760348583204
      ],
      [
        0.8948955253009058,
        0.07211644894101607,
        0.00015141339869280583,
        0.007502748940136847,
        0.024950965815762484,
        0.000382897603485832
      ],
      [
        0.8881538162321163,
        0.07786284142268979,
        0.00015141339869280588,
        0.008258281560133888,
        0.025190749782881296,
        0.00038289760348583215
      ],
      [
        0.06023193763096061,
        0.08080842308380345,
        0.00015141339869280588,
        0.008219945610285785,
        0.8502053826727715,
        0.00038289760348583215
      ],
      [
        0.9185615375953297,
        0.058183913631480136,
        0.00015141339869280588,
        0.0044138023132312045,
        0.018306435457780195,
        0.00038289760348583215
      ],
      [
        0.9062648242649308,
        0.03595279173354206,
        0.035534340248017535,
        0.005296930145811301,
        0.01656821600421233,
        0.000382897603485832
      ],
      [
        0.9933214991830063,
        0.002162630718954361,
        0.00015141339869280586,
        0.0002248379629628623,
        0.0037567211328976445,
        0.0003828976034858321
      ],
      [
        0.9933214991830063,
        0.002162630718954361,
        0.00015141339869280586,
        0.0002248379629628623,
        0.0037567211328976445,
        0.0003828976034858321
      ],
      [
        0.9057468754521486,
        0.03330829923610362,
        0.03380221539771216,
        0.00535274456379463,
        0.021406967746754997,
        0.00038289760348583204
      ],
      [
        0.9562794373917436,
        0.01801177070038991,
        0.013096907455337033,
        0.0030541164535474712,
        0.00917487039549621,
        0.00038289760348583215
      ],
      [
        0.9933214991830063,
        0.002162630718954361,
        0.00015141339869280586,
        0.0002248379629628623,
        0.0037567211328976445,
        0.0003828976034858321
      ]
    ],
    [
      [
        0.9933214991830063,
        0.002162630718954361,
        0.00015141339869280586,
        0.0002248379629628623,
        0.0037567211328976445,
        0.0003828976034858321
      ],
      [
        0.9100302229972106,
        0.03555499087353676,
        0.03248944711652438,
        0.005640967055104787,
        0.015901474354137274,
        0.000382897603485832
      ],
      [
        0.8911132313357001,
        0.07502227641430795,
        0.00015141339869280588,
        0.007993189362095993,
        0.025336991885717388,
        0.00038289760348583204
      ],
      [
        0.06205191225185876,
        0.0780853444885013,
        0.00015141339869280586,
        0.008443898990899123,
        0.8508845332665621,
        0.00038289760348583204
      ],
      [
        0.8173158132458324,
        0.12750470793573665,
        0.00015141339869280588,
        0.011792756842923803,
        0.04285241097332861,
        0.00038289760348583215
      ],
      [
        0.6555617730303251,
        0.17652947749961295,
        0.00015141339869280588,
        0.017653198719089394,
        0.14972123974879387,
        0.00038289760348583215
      ],
      [
        0.8139262755556659,
        0.14626286498130855,
        0.00015829955650977921,
        0.010342536885771088,
        0.02892712541725881,
        0.00038289760348583204
      ],
      [
        0.923824857848858,
        0.02712368642727248,
        0.02627995474298904,
        0.0046858342446914995,
        0.017702769132702894,
        0.00038289760348583204
      ],
      [
        0.9933214991830063,
        0.002162630718954361,
        0.00015141339869280586,
        0.0002248379629628623,
        0.0037567211328976445,
        0.0003828976034858321
      ],
      [
        0.8519088023555542,
        0.04428430351123803,
        0.05458646733656746,
        0.010095713394447514,
        0.03874181579870694,
        0.00038289760348583215
      ],
      [
        0.8187301496469763,
        0.11828087054214152,
        0.00015141339869280588,
        0.012519070689859791,
        0.04993559811884367,
        0.00038289760348583215
      ],
      [
        0.7796948048034392,
        0.16439118192285948,
        0.00015141339869280586,
        0.013787316467249322,
        0.04159238580427335,
        0.00038289760348583204
      ],
      [
        0.09965953592286395,
        0.12552146455779836,
        0.00015141339869280588,
        0.012312810649248574,
        0.7619718778679104,
        0.00038289760348583215
      ],
      [
        0.06318281366412143,
        0.08411166125928901,
        0.00015141339869280586,
        0.008967261063920543,
        0.8432039530104903,
        0.00038289760348583204
      ],
      [
        0.8901750844930685,
        0.076959924745032,
        0.00015141339869280586,
        0.007936802770342073,
        0.024393876989378786,
        0.00038289760348583204
      ],
      [
        0.8860705580796604,
        0.07936604681377363,
        0.00015141339869280588,
        0.008395645062670916,
        0.02563343904171652,
        0.00038289760348583215
      ],
      [
        0.8881538162321163,
        0.07786284142268979,
        0.00015141339869280588,
        0.008258281560133888,
        0.025190749782881296,
        0.00038289760348583215
      ],
      [
        0.8901414652737378,
        0.07586886072857306,
        0.00015141339869280586,
        0.007957830290867465,
        0.025497532704642806,
        0.00038289760348583204
      ],
      [
        0.8920619949665328,
        0.07416966584207296,
        0.00015141339869280588,
        0.008125596930700809,
        0.02510843125851494,
        0.00038289760348583215
      ],
      [
        0.8846116534880099,
        0.08115247390512793,
        0.0001514133986928059,
        0.008438240374106249,
        0.025263321230577458,
        0.0003828976034858322
      ],
      [
        0.8860705580796604,
        0.07936604681377363,
        0.00015141339869280588,
        0.008395645062670916,
        0.02563343904171652,
        0.00038289760348583215
      ],
      [
        0.8901414652737378,
        0.07586886072857306,
        0.00015141339869280586,
        0.007957830290867465,
        0.025497532704642806,
        0.00038289760348583204
      ],
      [
        0.8911132313357001,
        0.07502227641430795,
        0.00015141339869280588,
        0.007993189362095993,
        0.025336991885717388,
        0.00038289760348583204
      ],
      [
        0.06205191225185876,
        0.0780853444885013,
        0.00015141339869280586,
        0.008443898990899123,
        0.8508845332665621,
        0.00038289760348583204
      ],
      [
        0.8898569508045969,
        0.07476312258247313,
        0.00015141339869280588,
        0.008118755731623316,
        0.026726859879127922,
        0.00038289760348583215
      ],
      [
        0.8978318111987781,
        0.06450015386298104,
        0.00015141339869280588,
        0.007739380369556386,
        0.029394343566505818,
        0.00038289760348583215
      ],
      [
        0.8644570802668008,
        0.09195072492591111,
        0.00015141339869280586,
        0.012368782632499799,
        0.030689101172609524,
        0.00038289760348583204
      ],
      [
        0.8974318355028417,
        0.06652953360513711,
        0.00015141339869280586,
        0.009593750037451238,
        0.025910569852391284,
        0.00038289760348583204
      ],
      [
        0.012929342320261397,
        0.0021626307189543613,
        0.00015141339869280588,
        0.00022483796296286234,
        0.003756721132897645,
        0.9807750544662309
      ],
      [
        0.8978318111987781,
        0.06450015386298104,
        0.00015141339869280588,
        0.007739380369556386,
        0.029394343566505818,
        0.00038289760348583215
      ],
      [
        0.8948955253009058,
        0.07211644894101607,
        0.00015141339869280583,
        0.007502748940136847,
        0.024950965815762484,
        0.000382897603485832
      ],
      [
        0.9002864061153674,
        0.0659733545610218,
        0.00015141339869280588,
        0.007125171331334312,
        0.026080756990097893,
        0.00038289760348583204
      ],
      [
        0.896649214943768,
        0.06647644560989134,
        0.00015141339869280586,
        0.007922390896490735,
        0.028417637547671105,
        0.00038289760348583204
      ],
      [
        0.05340521031113335,
        0.029753770632564857,
        0.02834195657802172,
        0.0054620945719508485,
        0.8826540703028433,
        0.00038289760348583204
      ],
      [
        0.9933214991830063,
        0.002162630718954361,
        0.00015141339869280586,
        0.0002248379629628623,
        0.0037567211328976445,
        0.0003828976034858321
      ],
      [
        0.9933214991830063,
        0.002162630718954361,
        0.00015141339869280586,
        0.0002248379629628623,
        0.0037567211328976445,
        0.0003828976034858321
      ],
      [
        0.9933214991830063,
        0.002162630718954361,
        0.00015141339869280586,
        0.0002248379629628623,
        0.0037567211328976445,
        0.0003828976034858321
      ],
      [
        0.9933214991830063,
        0.002162630718954361,
        0.00015141339869280586,
        0.0002248379629628623,
        0.0037567211328976445,
        0.0003828976034858321
      ],
      [
        0.9933214991830063,
        0.002162630718954361,
        0.00015141339869280586,
        0.0002248379629628623,
        0.0037567211328976445,
        0.0003828976034858321
      ],
      [
        0.9933214991830063,
        0.002162630718954361,
        0.00015141339869280586,
        0.0002248379629628623,
        0.0037567211328976445,
        0.0003828976034858321
      ]
    ],
    [
      [
        0.9933214991830063,
        0.002162630718954361,
        0.00015141339869280586,
        0.0002248379629628623,
        0.0037567211328976445,
        0.0003828976034858321
      ],
      [
        0.9100302229972106,
        0.03555499087353676,
        0.03248944711652438,
        0.005640967055104787,
        0.015901474354137274,
        0.000382897603485832
      ],
      [
        0.8920619949665328,
        0.07416966584207296,
        0.00015141339869280588,
        0.008125596930700809,
        0.02510843125851494,
        0.00038289760348583215
      ],
      [
        0.889927190792048,
        0.07708612370739887,
        0.00015141339869280588,
        0.007890491195729828,
        0.024561883302644662,
        0.00038289760348583215
      ],
      [
        0.8383251093534384,
        0.11274653531751942,
        0.00015141339869280588,
        0.010949669244843266,
        0.03744437508202019,
        0.00038289760348583215
      ],
      [
        0.8157966009704261,
        0.1294524768532723,
        0.00015141339869280588,
        0.011263048694554812,
        0.042953562479568226,
        0.00038289760348583215
      ],
      [
        0.8230732317485511,
        0.12423903953814246,
        0.00015141339869280586,
        0.011724252443322031,
        0.040429165267805545,
        0.00038289760348583204
      ],
      [
        0.048772410001726156,
        0.07274137057642256,
        0.00015141339869280586,
        0.007028135928220648,
        0.8709237724914519,
        0.00038289760348583204
      ],
      [
        0.8978318069138712,
        0.037652951188646026,
        0.033156411283029326,
        0.009279349854492157,
        0.02169658315647547,
        0.00038289760348583204
      ],
      [
        0.9933214991830063,
        0.002162630718954361,
        0.00015141339869280586,
        0.0002248379629628623,
        0.0037567211328976445,
        0.0003828976034858321
      ],
      [
        0.07929062358732299,
        0.0606268796692759,
        0.08296728260671166,
        0.012221654096004642,
        0.764510662437199,
        0.00038289760348583204
      ],
      [
        0.3757921238379884,
        0.11194258007836358,
        0.00015141339869280586,
        0.010034455385559986,
        0.5016965296959093,
        0.00038289760348583204
      ],
      [
        0.8072811049749958,
        0.13727525626661782,
        0.0001514133986928059,
        0.012561120496767686,
        0.04234820725944007,
        0.0003828976034858322
      ],
      [
        0.061217084712113484,
        0.08415709576497006,
        0.00015141339869280586,
        0.00863923983639585,
        0.8454522686843419,
        0.0003828976034858321
      ],
      [
        0.061217084712113484,
        0.08415709576497006,
        0.00015141339869280586,
        0.00863923983639585,
        0.8454522686843419,
        0.0003828976034858321
      ],
      [
        0.05622249563821924,
        0.07670379082503435,
        0.00015141339869280588,
        0.007585765437975847,
        0.8589536370965919,
        0.00038289760348583215
      ],
      [
        0.05830674678610951,
        0.07572728763812603,
        0.00015141339869280586,
        0.008081605188721344,
        0.8573500493848644,
        0.00038289760348583204
      ],
      [
        0.8911132313357001,
        0.07502227641430795,
        0.00015141339869280588,
        0.007993189362095993,
        0.025336991885717388,
        0.00038289760348583204
      ],
      [
        0.8911132313357001,
        0.07502227641430795,
        0.00015141339869280588,
        0.007993189362095993,
        0.025336991885717388,
        0.00038289760348583204
      ],
      [
        0.05830674678610951,
        0.07572728763812603,
        0.00015141339869280586,
        0.008081605188721344,
        0.8573500493848644,
        0.00038289760348583204
      ],
      [
        0.05830674678610951,
        0.07572728763812603,
        0.00015141339869280586,
        0.008081605188721344,
        0.8573500493848644,
        0.00038289760348583204
      ],
      [
        0.8911132313357001,
        0.07502227641430795,
        0.00015141339869280588,
        0.007993189362095993,
        0.025336991885717388,
        0.00038289760348583204
      ],
      [
        0.8901414652737378,
        0.07586886072857306,
        0.00015141339869280586,
        0.007957830290867465,
        0.025497532704642806,
        0.00038289760348583204
      ],
      [
        0.8911132313357001,
        0.07502227641430795,
        0.00015141339869280588,
        0.007993189362095993,
        0.025336991885717388,
        0.00038289760348583204
      ],
      [
        0.8854820875537598,
        0.07900222288352302,
        0.00015141339869280583,
        0.00870871683919475,
        0.026272661721343578,
        0.000382897603485832
      ],
      [
        0.012929342320261397,
        0.0021626307189543613,
        0.00015141339869280588,
        0.00022483796296286234,
        0.003756721132897645,
        0.9807750544662309
      ],
      [
        0.012929342320261397,
        0.0021626307189543613,
        0.00015141339869280588,
        0.00022483796296286234,
        0.003756721132897645,
        0.9807750544662309
      ],
      [
        0.012929342320261397,
        0.0021626307189543613,
        0.00015141339869280588,
        0.00022483796296286234,
        0.003756721132897645,
        0.9807750544662309
      ],
      [
        0.833445984303642,
        0.1094702166434429,
        0.00015141339869280588,
        0.011930394323580461,
        0.04461909372715589,
        0.00038289760348583215
      ],
      [
        0.8189222928451936,
        0.1248801796151004,
        0.00015141339869280588,
        0.010732171938851037,
        0.04493104459867635,
        0.00038289760348583215
      ],
      [
        0.8300007092081548,
        0.12138151169840175,
        0.00015141339869280588,
        0.01158750595242409,
        0.03649596213884073,
        0.00038289760348583215
      ],
      [
        0.8999262296651721,
        0.06552752895300676,
        0.00015141339869280586,
        0.00765194882971076,
        0.02635998154993153,
        0.00038289760348583204
      ],
      [
        0.012929342320261397,
        0.0021626307189543613,
        0.00015141339869280588,
        0.00022483796296286234,
        0.003756721132897645,
        0.9807750544662309
      ],
      [
        0.09538981002260802,
        0.14778036519075222,
        0.00015141339869280588,
        0.012082307078526066,
        0.744213206705935,
        0.00038289760348583215
      ],
      [
        0.08689495289287213,
        0.06376581553381229,
        0.10084378286538809,
        0.012999861855251729,
        0.7351126892491899,
        0.00038289760348583204
      ],
      [
        0.9933214991830063,
        0.002162630718954361,
        0.00015141339869280586,
        0.0002248379629628623,
        0.0037567211328976445,
        0.0003828976034858321
      ],
      [
        0.9057468754521486,
        0.03330829923610362,
        0.03380221539771216,
        0.00535274456379463,
        0.021406967746754997,
        0.00038289760348583204
      ],
      [
        0.03956841710766536,
        0.03675332554268767,
        0.03592168439770061,
        0.0053972091935590005,
        0.8819764661549014,
        0.0003828976034858321
      ],
      [
        0.9562794373917436,
        0.01801177070038991,
        0.013096907455337033,
        0.0030541164535474712,
        0.00917487039549621,
        0.00038289760348583215
      ],
      [
        0.9933214991830063,
        0.002162630718954361,
        0.00015141339869280586,
        0.0002248379629628623,
        0.0037567211328976445,
        0.0003828976034858321
      ]
    ],
    [
      [
        0.9933214991830063,
        0.002162630718954361,
        0.00015141339869280586,
        0.0002248379629628623,
        0.0037567211328976445,
        0.0003828976034858321
      ],
      [
        0.9150937939345928,
        0.032349843837453575,
        0.031289074488006934,
        0.00529204395350491,
        0.015592346182955956,
        0.00038289760348583215
      ],
      [
        0.8881538162321163,
        0.07786284142268979,
        0.00015141339869280588,
        0.008258281560133888,
        0.025190749782881296,
        0.00038289760348583215
      ],
      [
        0.06205191225185876,
