{
  "prediction": [
    [
      [
        0.9931476680672268,
        0.002381293767507111,
        0.00017123074229691534,
        0.00023826505602230513,
        0.0036686852240897056,
        0.0003928571428571389
      ],
      [
        0.9931476680672268,
        0.002381293767507111,
        0.00017123074229691534,
        0.00023826505602230513,
        0.0036686852240897056,
        0.0003928571428571389
      ],
      [
        0.9931476680672268,
        0.002381293767507111,
        0.00017123074229691534,
        0.00023826505602230513,
        0.0036686852240897056,
        0.0003928571428571389
      ],
      [
        0.9931476680672268,
        0.002381293767507111,
        0.00017123074229691534,
        0.00023826505602230513,
        0.0036686852240897056,
        0.0003928571428571389
      ],
      [
        0.9931476680672268,
        0.002381293767507111,
        0.00017123074229691534,
        0.00023826505602230513,
        0.0036686852240897056,
        0.0003928571428571389
      ],
      [
        0.9948522282495087,
        0.0017889321337988743,
        0.0001286360302827573,
        0.0001789951415888959,
        0.002756076959390774,
        0.00029513148542998995
      ],
      [
        0.9948522282495087,
        0.0017889321337988743,
        0.0001286360302827573,
        0.0001789951415888959,
        0.002756076959390774,
        0.00029513148542998995
      ],
      [
        0.9948522282495087,
        0.0017889321337988743,
        0.0001286360302827573,
        0.0001789951415888959,
        0.002756076959390774,
        0.00029513148542998995
      ],
      [
        0.9948522282495087,
        0.0017889321337988743,
        0.0001286360302827573,
        0.0001789951415888959,
        0.002756076959390774,
        0.00029513148542998995
      ],
      [
        0.9948522282495087,
        0.0017889321337988743,
        0.0001286360302827573,
        0.0001789951415888959,
        0.002756076959390774,
        0.00029513148542998995
      ],
      [
        0.9948522282495087,
        0.0017889321337988743,
        0.0001286360302827573,
        0.0001789951415888959,
        0.002756076959390774,
        0.00029513148542998995
      ],
      [
        0.9958776807894472,
        0.0014325711509704131,
        0.00010301132305511637,
        0.0001433387388819445,
        0.0022070576447710973,
        0.00023634035287421501
      ],
      [
        0.9958776807894472,
        0.0014325711509704131,
        0.00010301132305511637,
        0.0001433387388819445,
        0.0022070576447710973,
        0.00023634035287421501
      ],
      [
        0.9958776807894472,
        0.0014325711509704131,
        0.00010301132305511637,
        0.0001433387388819445,
        0.0022070576447710973,
        0.00023634035287421501
      ],
      [
        0.9958776807894472,
        0.0014325711509704131,
        0.00010301132305511637,
        0.0001433387388819445,
        0.0022070576447710973,
        0.00023634035287421501
      ],
      [
        0.9948522282495087,
        0.0017889321337988743,
        0.0001286360302827573,
        0.0001789951415888959,
        0.002756076959390774,
        0.00029513148542998995
      ],
      [
        0.9948522282495087,
        0.0017889321337988743,
        0.0001286360302827573,
        0.0001789951415888959,
        0.002756076959390774,
        0.00029513148542998995
      ],
      [
        0.9948522282495087,
        0.0017889321337988743,
        0.0001286360302827573,
        0.0001789951415888959,
        0.002756076959390774,
        0.00029513148542998995
      ],
      [
        0.9948522282495087,
        0.0017889321337988743,
        0.0001286360302827573,
        0.0001789951415888959,
        0.002756076959390774,
        0.00029513148542998995
      ],
      [
        0.9948522282495087,
        0.0017889321337988743,
        0.0001286360302827573,
        0.0001789951415888959,
        0.002756076959390774,
        0.00029513148542998995
      ],
      [
        0.9931476680672268,
        0.002381293767507111,
        0.00017123074229691534,
        0.00023826505602230513,
        0.0036686852240897056,
        0.0003928571428571389
      ],
      [
        0.9931476680672268,
        0.002381293767507111,
        0.00017123074229691534,
        0.00023826505602230513,
        0.0036686852240897056,
        0.0003928571428571389
      ],
      [
        0.9931476680672268,
        0.002381293767507111,
        0.00017123074229691534,
        0.00023826505602230513,
        0.0036686852240897056,
        0.0003928571428571389
      ],
      [
        0.9931476680672268,
        0.002381293767507111,
        0.00017123074229691534,
        0.00023826505602230513,
        0.0036686852240897056,
        0.0003928571428571389
      ],
      [
        0.9931476680672268,
        0.002381293767507111,
        0.00017123074229691534,
        0.00023826505602230513,
        0.0036686852240897056,
        0.0003928571428571389
      ],
      [
        0.9948522282495087,
        0.0017889321337988743,
        0.0001286360302827573,
        0.0001789951415888959,
        0.002756076959390774,
        0.00029513148542998995
      ],
      [
        0.9931476680672268,
        0.002381293767507111,
        0.00017123074229691534,
        0.00023826505602230513,
        0.0036686852240897056,
        0.0003928571428571389
      ],
      [
        0.9931476680672268,
        0.002381293767507111,
        0.00017123074229691534,
        0.00023826505602230513,
        0.0036686852240897056,
        0.0003928571428571389
      ],
      [
        0.9931476680672268,
        0.002381293767507111,
        0.00017123074229691534,
        0.00023826505602230513,
        0.0036686852240897056,
        0.0003928571428571389
      ],
      [
        0.9931476680672268,
        0.002381293767507111,
        0.00017123074229691534,
        0.00023826505602230513,
        0.0036686852240897056,
        0.0003928571428571389
      ],
      [
        0.9931476680672268,
        0.002381293767507111,
        0.00017123074229691534,
        0.00023826505602230513,
        0.0036686852240897056,
        0.0003928571428571389
      ],
      [
        0.9931476680672268,
        0.002381293767507111,
        0.00017123074229691534,
        0.00023826505602230513,
        0.0036686852240897056,
        0.0003928571428571389
      ],
      [
        0.9931476680672268,
        0.002381293767507111,
        0.00017123074229691534,
        0.00023826505602230513,
        0.0036686852240897056,
        0.0003928571428571389
      ],
      [
        0.9931476680672268,
        0.002381293767507111,
        0.00017123074229691534,
        0.00023826505602230513,
        0.0036686852240897056,
        0.0003928571428571389
      ],
      [
        0.9931476680672268,
        0.002381293767507111,
        0.00017123074229691534,
        0.00023826505602230513,
        0.0036686852240897056,
        0.0003928571428571389
      ],
      [
        0.9931476680672268,
        0.002381293767507111,
        0.00017123074229691534,
        0.00023826505602230513,
        0.0036686852240897056,
        0.0003928571428571389
      ],
      [
        0.9931476680672268,
        0.002381293767507111,
        0.00017123074229691534,
        0.00023826505602230513,
        0.0036686852240897056,
        0.0003928571428571389
      ],
      [
        0.9931476680672268,
        0.002381293767507111,
        0.00017123074229691534,
        0.00023826505602230513,
        0.0036686852240897056,
        0.0003928571428571389
      ],
      [
        0.9931476680672268,
        0.002381293767507111,
        0.00017123074229691534,
        0.00023826505602230513,
        0.0036686852240897056,
        0.0003928571428571389
      ],
      [
        0.9931476680672268,
        0.002381293767507111,
        0.00017123074229691534,
        0.00023826505602230513,
        0.0036686852240897056,
        0.0003928571428571389
      ]
    ],
    [
      [
        0.9931476680672268,
        0.002381293767507111,
        0.00017123074229691534,
        0.00023826505602230513,
        0.0036686852240897056,
        0.0003928571428571389
      ],
      [
        0.7430572758179009,
        0.09407455682280098,
        0.11206078811655137,
        0.013600561018662364,
        0.036813961081227094,
        0.00039285714285713897
      ],
      [
        0.09412368687110269,
        0.0688295945070788,
        0.0815341328754459,
        0.013015518890997736,
        0.7421042097125177,
        0.0003928571428571389
      ],
      [
        0.7605899889308951,
        0.08406909172512973,
        0.11486823633089094,
        0.010400711309501856,
        0.02967911456072504,
        0.000392857142857139
      ],
      [
        0.8975259182698058,
        0.041486671098656835,
        0.04051711921053575,
        0.005525920539048179,
        0.014551513739096387,
        0.00039285714285713897
      ],
      [
        0.9260393591823051,
        0.030004570453461686,
        0.03022879692171254,
        0.00382885253221386,
        0.009603289424876845,
        0.00029513148542998995
      ],
      [
        0.027306553419016038,
        0.03032977294831423,
        0.02835822702634651,
        0.00425226245628871,
        0.9094580526646044,
        0.00029513148542998995
      ],
      [
        0.9273498672269671,
        0.029891237377832003,
        0.028152512092185125,
        0.004144015267142292,
        0.010167236550443316,
        0.00029513148542998995
      ],
      [
        0.9230169833768191,
        0.031166603661180004,
        0.030438233834780584,
        0.0041513134397824615,
        0.01093173420200773,
        0.00029513148542998995
      ],
      [
        0.02762959585521067,
        0.02795440268756845,
        0.026938689783571695,
        0.0042422115692580115,
        0.9129399686189611,
        0.00029513148542998995
      ],
      [
        0.9310583611325597,
        0.026580455964723054,
        0.0270292435296465,
        0.00403494951462472,
        0.01100185837301603,
        0.00029513148542999
      ],
      [
        0.938352245652353,
        0.02495811687608438,
        0.02437484064060118,
        0.0033243585712998992,
        0.008754097906787066,
        0.00023634035287421501
      ],
      [
        0.020863817561801862,
        0.02288199761560622,
        0.02065465489159689,
        0.0028235202693379364,
        0.9325396693087828,
        0.0002363403528742151
      ],
      [
        0.9449784371017781,
        0.02179856616945521,
        0.02109550251465257,
        0.0033508649533987665,
        0.008540288907841077,
        0.0002363403528742151
      ],
      [
        0.9418210135338342,
        0.02263316988307255,
        0.019636194185427537,
        0.004104884372139269,
        0.011568397672652265,
        0.0002363403528742151
      ],
      [
        0.021899862367581686,
        0.019441125418887265,
        0.01675355812601154,
        0.0035117530190948657,
        0.9380985695829945,
        0.00029513148542998995
      ],
      [
        0.9948522282495087,
        0.0017889321337988743,
        0.0001286360302827573,
        0.0001789951415888959,
        0.002756076959390774,
        0.00029513148542998995
      ],
      [
        0.8743471794344355,
        0.0409642133732745,
        0.05423660869819733,
        0.008000806896946525,
        0.022156060111716138,
        0.00029513148542999
      ],
      [
        0.8377387786253486,
        0.05490465255208244,
        0.07570756885498568,
        0.009098843166265165,
        0.02225502531588792,
        0.00029513148542998995
      ],
      [
        0.8349193399283086,
        0.05220719013487007,
        0.07903608489852479,
        0.010475948263623299,
        0.023066305289243295,
        0.00029513148542999
      ],
      [
        0.9032935318716583,
        0.03978899809896843,
        0.03747453596376961,
        0.005516205752950999,
        0.013533871169795408,
        0.00039285714285713897
      ],
      [
        0.03634845852465049,
        0.040372744123252716,
        0.037748368425799,
        0.005660296382212123,
        0.8794772754012284,
        0.0003928571428571389
      ],
      [
        0.8975259182698058,
        0.041486671098656835,
        0.04051711921053575,
        0.005525920539048179,
        0.014551513739096387,
        0.00039285714285713897
      ],
      [
        0.9049919548659932,
        0.03879092868511985,
        0.03550683512566703,
        0.00576279020062744,
        0.014554633979735472,
        0.0003928571428571391
      ],
      [
        0.9049919548659932,
        0.03879092868511985,
        0.03550683512566703,
        0.00576279020062744,
        0.014554633979735472,
        0.0003928571428571391
      ],
      [
        0.3497066036275807,
        0.29550400446512515,
        0.07336429042354099,
        0.008846040523239118,
        0.2722839294750839,
        0.0002951314854299899
      ],
      [
        0.7969396579258591,
        0.07389156021291736,
        0.08008887062479622,
        0.010155986024001567,
        0.038531068069568485,
        0.0003928571428571389
      ],
      [
        0.7966293200605544,
        0.06222718475159046,
        0.09765710182206451,
        0.011775193014377901,
        0.03131834320855544,
        0.00039285714285713886
      ],
      [
        0.9049919548659932,
        0.03879092868511985,
        0.03550683512566703,
        0.00576279020062744,
        0.014554633979735472,
        0.0003928571428571391
      ],
      [
        0.8975259182698058,
        0.041486671098656835,
        0.04051711921053575,
        0.005525920539048179,
        0.014551513739096387,
        0.00039285714285713897
      ],
      [
        0.043884549888382994,
        0.03973381562006332,
        0.041450524372615496,
        0.006804900896593972,
        0.867733352079487,
        0.00039285714285713897
      ],
      [
        0.9931476680672268,
        0.002381293767507111,
        0.00017123074229691534,
        0.00023826505602230513,
        0.0036686852240897056,
        0.0003928571428571389
      ],
      [
        0.9269704641150488,
        0.034943423473486876,
        0.0236879858874491,
        0.003438858213959035,
        0.010566411167199065,
        0.00039285714285713897
      ],
      [
        0.9001875827790233,
        0.04219967205737183,
        0.036158945997670514,
        0.005807796842687366,
        0.01525314518038981,
        0.000392857142857139
      ],
      [
        0.7840098973754641,
        0.07308500107926207,
        0.10077630026392136,
        0.01211170514184966,
        0.029624238996645513,
        0.00039285714285713897
      ],
      [
        0.08155721539360772,
        0.07240019422241717,
        0.10155882234000778,
        0.013231647127019528,
        0.7308592637740906,
        0.0003928571428571389
      ],
      [
        0.7840098973754641,
        0.07308500107926207,
        0.10077630026392136,
        0.01211170514184966,
        0.029624238996645513,
        0.00039285714285713897
      ],
      [
        0.9085403159771277,
        0.036234702705518256,
        0.03506603398130989,
        0.005569980816576756,
        0.014196109376609999,
        0.0003928571428571389
      ],
      [
        0.02915147242307231,
        0.02587858416686318,
        0.02230109392932662,
        0.004674585144622967,
        0.9176014071932577,
        0.0003928571428571389
      ],
      [
        0.9931476680672268,
        0.002381293767507111,
        0.00017123074229691534,
        0.00023826505602230513,
        0.0036686852240897056,
        0.0003928571428571389
      ]
    ],
    [
      [
        0.9931476680672268,
        0.002381293767507111,
        0.00017123074229691534,
        0.00023826505602230513,
        0.0036686852240897056,
        0.0003928571428571389
      ],
      [
        0.7852028023058567,
        0.06838442318356251,
        0.10730277398347572,
        0.011532318088976866,
        0.027184825295271005,
        0.0003928571428571389
      ],
      [
        0.2961251655548862,
        0.22189380449894164,
        0.0001712307422969153,
        0.01891077534830563,
        0.46250616671271233,
        0.00039285714285713897
      ],
      [
        0.09215583990686428,
        0.1503640870186954,
        0.0001712307422969153,
        0.013090716142370276,
        0.7438252690469158,
        0.00039285714285713897
      ],
      [
        0.057559497891430236,
        0.08792049597635902,
        0.00017123074229691529,
        0.00850940308191612,
        0.8454465151651406,
        0.0003928571428571389
      ],
      [
        0.9023991955951387,
        0.07080452889058425,
        0.0001286360302827573,
        0.006935874795617625,
        0.01943663320294676,
        0.00029513148542999
      ],
      [
        0.29455567985118336,
        0.06800033696961637,
        0.00012863603028275727,
        0.007212377312218149,
        0.6298078383512692,
        0.0002951314854299899
      ],
      [
        0.04429802907474573,
        0.06803668701330982,
        0.0001286360302827573,
        0.006832364803414114,
        0.8804091515928176,
        0.00029513148542999
      ],
      [
        0.9155029532782226,
        0.06101306680039593,
        0.0001286360302827573,
        0.0061911143968264365,
        0.016869098008842297,
        0.00029513148542999
      ],
      [
        0.912367566518942,
        0.0612183983388752,
        0.0001286360302827573,
        0.006751169732048979,
        0.01923909789442115,
        0.00029513148542999
      ],
      [
        0.047064567021381135,
        0.06583188692150169,
        0.00012863603028275727,
        0.006996517862556419,
        0.879683260678848,
        0.00029513148542998995
      ],
      [
        0.9290018824946257,
        0.05109004643395325,
        0.00010301132305511641,
        0.005251660322127475,
        0.014317059073364292,
        0.00023634035287421512
      ],
      [
        0.9315627549287949,
        0.0490016786480481,
        0.00010301132305511638,
        0.005011017356662322,
        0.014085197390565466,
        0.0002363403528742151
      ],
      [
        0.9377938846665966,
        0.047170968684397734,
        0.00010301132305511641,
        0.003663003330866711,
        0.011032791642209558,
        0.00023634035287421512
      ],
      [
        0.9449784371017781,
        0.02179856616945521,
        0.02109550251465257,
        0.0033508649533987665,
        0.008540288907841077,
        0.0002363403528742151
      ],
      [
        0.9948522282495087,
        0.0017889321337988743,
        0.0001286360302827573,
        0.0001789951415888959,
        0.002756076959390774,
        0.00029513148542998995
      ],
      [
        0.9066273691872773,
        0.03837936106717421,
        0.037292294051360905,
        0.005049003413566696,
        0.012356840795190765,
        0.00029513148542998995
      ],
      [
        0.08996677957126131,
        0.14058386431707612,
        0.0001739277770838161,
        0.008196868153604724,
        0.7607834286955439,
        0.0002951314854299899
      ],
      [
        0.4700709541712931,
        0.16607974946762982,
        0.00012863603028275727,
        0.013941782150935533,
        0.3494837466944287,
        0.00029513148542998995
      ],
      [
        0.8447356559166357,
        0.11250779422785949,
        0.0001286360302827573,
        0.009970172375503265,
        0.0323626099642888,
        0.00029513148542999
      ],
      [
        0.06096484536482026,
        0.09051700484035027,
        0.0001712307422969153,
        0.009600581720237405,
        0.8383534801894379,
        0.00039285714285713886
      ],
      [
        0.05896625062267478,
        0.0905653913223528,
        0.0001712307422969153,
        0.00909473725487574,
        0.8408095329149425,
        0.00039285714285713897
      ],
      [
        0.8819832616301394,
        0.08492451427100839,
        0.00017123074229691537,
        0.008729581065258254,
        0.02379855514843998,
        0.0003928571428571391
      ],
      [
        0.8872848119854411,
        0.08024747606880415,
        0.0001712307422969153,
        0.00826876997942124,
        0.023634854081179428,
        0.00039285714285713897
      ],
      [
        0.8870845068478128,
        0.080222273617778,
        0.00017123074229691534,
        0.008593114224084803,
        0.023536017425170235,
        0.000392857142857139
      ],
      [
        0.9001540308706919,
        0.07190500942879327,
        8.589980759745585e-05,
        0.006329475726314476,
        0.021328503008558312,
        0.00019708115804461124
      ],
      [
        0.37643132186625466,
        0.13299613403583105,
        0.00010301132305511637,
        0.011164534710510128,
        0.4790686577114748,
        0.00023634035287421504
      ],
      [
        0.8846852940525957,
        0.08318496040644918,
        0.00010301132305511638,
        0.007477989029084117,
        0.02431240483594173,
        0.00023634035287421504
      ],
      [
        0.9339605745300581,
        0.047303071297052746,
        0.00010301132305511638,
        0.004692350605987264,
        0.013704651890972577,
        0.00023634035287421504
      ],
      [
        0.9300676675873574,
        0.05013198522664181,
        0.00010301132305511641,
        0.005189294596759771,
        0.01427170091331177,
        0.00023634035287421512
      ],
      [
        0.02216756361466674,
        0.02433397777139356,
        0.023771735912086388,
        0.003360885548103401,
        0.9261294968008758,
        0.0002363403528742151
      ],
      [
        0.9958776807894472,
        0.0014325711509704131,
        0.00010301132305511637,
        0.0001433387388819445,
        0.0022070576447710973,
        0.00023634035287421501
      ],
      [
        0.022125692298395797,
        0.022385796574507004,
        0.02157241691831837,
        0.003397149503668766,
        0.9302826043522358,
        0.00023634035287421504
      ],
      [
        0.9315627549287949,
        0.0490016786480481,
        0.00010301132305511638,
        0.005011017356662322,
        0.014085197390565466,
        0.0002363403528742151
      ],
      [
        0.8807513843583638,
        0.08787455762471487,
        0.00010301132305511638,
        0.00781851711148434,
        0.02321618922950775,
        0.0002363403528742151
      ],
      [
        0.7780323576158922,
        0.1279083985578142,
        0.00010301132305511638,
        0.011113492718210289,
        0.08260639943215399,
        0.00023634035287421504
      ],
      [
        0.8846852940525957,
        0.08318496040644918,
        0.00010301132305511638,
        0.007477989029084117,
        0.02431240483594173,
        0.00023634035287421504
      ],
      [
        0.931487742672086,
        0.049037500205703174,
        0.00010301132305511638,
        0.004942000823233893,
        0.014193404623047629,
        0.0002363403528742151
      ],
      [
        0.9449784371017781,
        0.02179856616945521,
        0.02109550251465257,
        0.0033508649533987665,
        0.008540288907841077,
        0.0002363403528742151
      ],
      [
        0.9958776807894472,
        0.0014325711509704131,
        0.00010301132305511637,
        0.0001433387388819445,
        0.0022070576447710973,
        0.00023634035287421501
      ]
    ],
    [
      [
        0.9931476680672268,
        0.002381293767507111,
        0.00017123074229691534,
        0.00023826505602230513,
        0.0036686852240897056,
        0.0003928571428571389
      ],
      [
        0.08155721539360772,
        0.07240019422241717,
        0.10155882234000778,
        0.013231647127019528,
        0.7308592637740906,
        0.0003928571428571389
      ],
      [
        0.8009692933250215,
        0.1433338267421641,
        0.00017123074229691534,
        0.012617034394838791,
        0.042515757652821534,
        0.000392857142857139
      ],
      [
        0.8201510649586256,
        0.1318700913180729,
        0.0001712307422969153,
        0.01186220860266557,
        0.03555254723548194,
        0.00039285714285713897
      ],
      [
        0.8700810484412111,
        0.09424973713249957,
        0.00017123074229691534,
        0.00923252207893472,
        0.02587260446220065,
        0.000392857142857139
      ],
      [
        0.041072681552961975,
        0.06213242653910216,
        0.00012863603028275727,
        0.006861558603172353,
        0.8895095657890507,
        0.00029513148542998995
      ],
      [
        0.9075552653863992,
        0.06610482994789205,
        0.00012863603028275727,
        0.006937548186690266,
        0.018978588963305683,
        0.00029513148542998995
      ],
      [
        0.04429802907474573,
        0.06803668701330982,
        0.0001286360302827573,
        0.006832364803414114,
        0.8804091515928176,
        0.00029513148542999
      ],
      [
        0.9145123818710261,
        0.06184476236158762,
        0.0001286360302827573,
        0.006157016802052581,
        0.017062071449620953,
        0.00029513148542999
      ],
      [
        0.04203431533153056,
        0.06075340971364405,
        0.00012863603028275727,
        0.006403889106681422,
        0.8903846183324311,
        0.00029513148542998995
      ],
      [
        0.9145385646125745,
        0.061191150948557586,
        0.0001286360302827573,
        0.006257539087175338,
        0.017588977835979763,
        0.00029513148542999
      ],
      [
        0.8717809846523981,
        0.10226658961817706,
        0.00010301132305511638,
        0.00798880759918106,
        0.01762426645431447,
        0.0002363403528742151
      ],
      [
        0.049455681784582955,
        0.09560400987198653,
        0.0004365099866730682,
        0.005988562850496999,
        0.8482788951533863,
        0.0002363403528742151
      ],
      [
        0.899761807314469,
        0.03430101634471275,
        0.036898369101771446,
        0.0059198946949921795,
        0.022882572191180436,
        0.0002363403528742151
      ],
      [
        0.9958776807894472,
        0.0014325711509704131,
        0.00010301132305511637,
        0.0001433387388819445,
        0.0022070576447710973,
        0.00023634035287421501
      ],
      [
        0.9948522282495087,
        0.0017889321337988743,
        0.0001286360302827573,
        0.0001789951415888959,
        0.002756076959390774,
        0.00029513148542998995
      ],
      [
        0.032637744052340066,
        0.025248113344861753,
        0.01761986396742309,
        0.0028633346501655216,
        0.9213358124997796,
        0.00029513148542998995
      ],
      [
        0.6017232004581008,
        0.10767864596053123,
        0.0001286360302827573,
        0.009478468624978394,
        0.2806959174406769,
        0.00029513148542999
      ],
      [
        0.8504794193635734,
        0.10767864596053123,
        0.0001286360302827573,
        0.009478468624978394,
        0.03193969853520424,
        0.00029513148542999
      ],
      [
        0.06923150162157467,
        0.1129600852727513,
        0.0001286360302827573,
        0.009834319092029411,
        0.8075503264979318,
        0.00029513148542999
      ],
      [
        0.06096484536482026,
        0.09051700484035027,
        0.0001712307422969153,
        0.009600581720237405,
        0.8383534801894379,
        0.00039285714285713886
      ],
      [
        0.6536429766896659,
        0.31956074779605687,
        0.00012863603028275727,
        0.006935874795617623,
        0.01943663320294675,
        0.00029513148542998995
      ],
      [
        0.9113406592345823,
        0.06379901320856848,
        0.00012863603028275732,
        0.006558043486835802,
        0.017878516554300682,
        0.00029513148542999006
      ],
      [
        0.29273886133051996,
        0.06322611097217876,
        0.00012863603028275727,
        0.006666199661971154,
        0.6369450605196173,
        0.00029513148542998995
      ],
      [
        0.9145385646125745,
        0.061191150948557586,
        0.0001286360302827573,
        0.006257539087175338,
        0.017588977835979763,
        0.00029513148542999
      ],
      [
        0.04031128361051365,
        0.3487046448212943,
        7.366336776875847e-05,
        0.0054501455456827065,
        0.6052912557357337,
        0.0001690069190069174
      ],
      [
        0.21312046693451928,
        0.074403090804898,
        8.589980759745588e-05,
        0.006355485337324352,
        0.7058379759576163,
        0.0001970811580446113
      ],
      [
        0.9038405608212675,
        0.06936686067115862,
        8.589980759745585e-05,
        0.006235798160465492,
        0.020273799381466357,
        0.00019708115804461122
      ],
      [
        0.9449305787609454,
        0.03944541825767521,
        8.589980759745585e-05,
        0.003912890372434562,
        0.011428131643302714,
        0.00019708115804461122
      ],
      [
        0.943354686159534,
        0.0402443963996162,
        8.589980759745585e-05,
        0.004310831388162143,
        0.011807105087045532,
        0.00019708115804461124
      ],
      [
        0.9539625600918423,
        0.017749739697373205,
        0.018049428403518097,
        0.0026944347257128534,
        0.0073467559235090435,
        0.00019708115804461127
      ],
      [
        0.9965624514224293,
        0.0011946025212411086,
        8.589980759745584e-05,
        0.0001195283171407577,
        0.0018404367735466627,
        0.0001970811580446112
      ],
      [
        0.7646919924280339,
        0.0220345270157159,
        0.026523618751187597,
        0.0029716147453205367,
        0.1835811659016975,
        0.00019708115804461124
      ],
      [
        0.05119721993468871,
        0.07725889497251558,
        8.589980759745588e-05,
        0.006865385051043996,
        0.8643955190761097,
        0.0001970811580446113
      ],
      [
        0.9038405608212675,
        0.06936686067115862,
        8.589980759745585e-05,
        0.006235798160465492,
        0.020273799381466357,
        0.00019708115804461122
      ],
      [
        0.7314133217596461,
        0.07377005139534976,
        8.589980759745585e-05,
        0.006077264004534369,
        0.18845638187482763,
        0.00019708115804461124
      ],
      [
        0.8955109078326119,
        0.07718884836098701,
        0.00010301132305511638,
        0.0072754667980527085,
        0.0196854253324191,
        0.0002363403528742151
      ],
      [
        0.9300676675873574,
        0.05013198522664181,
        0.00010301132305511641,
        0.005189294596759771,
        0.01427170091331177,
        0.00023634035287421512
      ],
      [
        0.938352245652353,
        0.02495811687608438,
        0.02437484064060118,
        0.0033243585712998992,
        0.008754097906787066,
        0.00023634035287421501
      ],
      [
        0.9958776807894472,
        0.0014325711509704131,
        0.00010301132305511637,
        0.0001433387388819445,
        0.0022070576447710973,
        0.00023634035287421501
      ]
    ],
    [
      [
        0.9931476680672268,
        0.002381293767507111,
        0.00017123074229691534,
        0.00023826505602230513,
        0.0036686852240897056,
        0.0003928571428571389
      ],
      [
        0.9085403159771277,
        0.036234702705518256,
        0.03506603398130989,
        0.005569980816576756,
        0.014196109376609999,
        0.0003928571428571389
      ],
      [
        0.8861153868257853,
        0.08151266590484435,
        0.0001712307422969153,
        0.008214849050541106,
        0.023593010333675196,
        0.00039285714285713897
      ],
      [
        0.5526290368505078,
        0.08333197544296087,
        0.0001712307422969153,
        0.008625913535011272,
        0.3548489862863659,
        0.00039285714285713897
      ],
      [
        0.05962176752430433,
        0.41994717920401203,
        0.00017123074229691529,
        0.009622801806808055,
        0.5102441635797215,
        0.0003928571428571389
      ],
      [
        0.6536429766896659,
        0.31956074779605687,
        0.00012863603028275727,
        0.006935874795617623,
        0.01943663320294675,
        0.00029513148542998995
      ],
      [
        0.9155029532782226,
        0.06101306680039593,
        0.0001286360302827573,
        0.0061911143968264365,
        0.016869098008842297,
        0.00029513148542999
      ],
      [
        0.041549023568744715,
        0.06085560861055152,
        0.0001286360302827573,
        0.006342722527584836,
        0.8908288777774063,
        0.00029513148542999
      ],
      [
        0.6625844403291097,
        0.06379901320856848,
        0.00012863603028275732,
        0.006558043486835802,
        0.26663473545977334,
        0.00029513148542999006
      ],
      [
        0.9126715649971477,
        0.06260262831784623,
        0.0001286360302827573,
        0.006480163899436329,
        0.017821875269856985,
        0.00029513148542999
      ],
      [
        0.663915346091675,
        0.06260262831784623,
        0.0001286360302827573,
        0.006480163899436329,
        0.2665780941753296,
        0.00029513148542999
      ],
      [
        0.8633272632083608,
        0.1085367717755269,
        0.00010301132305511637,
        0.008202809614806064,
        0.0195938037253769,
        0.00023634035287421504
      ],
      [
        0.5892301102769509,
        0.035665923412195565,
        0.0775131313477743,
        0.010746909024257319,
        0.2866075855859477,
        0.00023634035287421504
      ],
      [
        0.9958776807894472,
        0.0014325711509704131,
        0.00010301132305511637,
        0.0001433387388819445,
        0.0022070576447710973,
        0.00023634035287421501
      ],
      [
        0.9958776807894472,
        0.0014325711509704131,
        0.00010301132305511637,
        0.0001433387388819445,
        0.0022070576447710973,
        0.00023634035287421501
      ],
      [
        0.03290083401073473,
        0.03181208462936523,
        0.032553680356310274,
        0.004177521878714501,
        0.8982607476394452,
        0.00029513148542998995
      ],
      [
        0.9077893291600381,
        0.0721360989371146,
        0.00012863603028275732,
        0.0055658733631412955,
        0.014084931023993425,
        0.00029513148542999006
      ],
      [
        0.9151729379801977,
        0.0602664841606193,
        0.0001286360302827573,
        0.006455523621078633,
        0.01768128672239157,
        0.00029513148542999
      ],
      [
        0.9144448925905154,
        0.06123588334145024,
        0.0001286360302827573,
        0.006171354261849289,
        0.017724102290472412,
        0.00029513148542999
      ],
      [
        0.9126715649971477,
        0.06260262831784623,
        0.0001286360302827573,
        0.006480163899436329,
        0.017821875269856985,
        0.00029513148542999
      ],
      [
        0.8792003927863027,
        0.087371695699696,
        0.0001712307422969153,
        0.008920796457521512,
        0.023943027171325654,
        0.00039285714285713897
      ],
      [
        0.04203431533153056,
        0.06075340971364405,
        0.00012863603028275727,
        0.006403889106681422,
        0.8903846183324311,
        0.00029513148542998995
      ],
      [
        0.9113406592345823,
        0.06379901320856848,
        0.00012863603028275732,
        0.006558043486835802,
        0.017878516554300682,
        0.00029513148542999006
      ],
      [
        0.9092500463220484,
        0.06563744303808008,
        0.0001286360302827573,
        0.006701692861123127,
        0.01798705026303569,
        0.00029513148542999
      ],
      [
        0.9155029532782226,
        0.06101306680039593,
        0.0001286360302827573,
        0.0061911143968264365,
        0.016869098008842297,
        0.00029513148542999
      ],
      [
        0.9492292663992907,
        0.03653447764935119,
        7.366336776875846e-05,
        0.0037554608001538355,
        0.010238124864428596,
        0.00016900691900691736
      ],
      [
        0.9416843341010854,
        0.041804412929857454,
        8.589980759745587e-05,
        0.004327285527530572,
        0.011900986475884565,
        0.00019708115804461127
      ],
      [
        0.9428685163145966,
        0.04089173605193189,
        8.589980759745585e-05,
        0.004121070453925937,
        0.011835696213903504,
        0.00019708115804461124
      ],
      [
        0.9449305787609454,
        0.03944541825767521,
        8.589980759745585e-05,
        0.003912890372434562,
        0.011428131643302714,
        0.00019708115804461122
      ],
      [
        0.7773422146505037,
        0.20636999630029715,
        8.589980759745585e-05,
        0.004148120488015307,
        0.01185668759554184,
        0.00019708115804461124
      ],
      [
        0.01739806713625338,
        0.019081001333944057,
        0.1833366059062818,
        0.0023544969687834616,
        0.7776327474966926,
        0.00019708115804461124
      ],
      [
        0.9965624514224293,
        0.0011946025212411086,
        8.589980759745584e-05,
        0.0001195283171407577,
        0.0018404367735466627,
        0.0001970811580446112
      ],
      [
        0.4861068997170438,
        0.034201698060954314,
        0.23894156026322896,
        0.006735139127685324,
        0.2338176216730429,
        0.00019708115804461122
      ],
      [
        0.9001540308706919,
        0.07190500942879327,
        8.589980759745585e-05,
        0.006329475726314476,
        0.021328503008558312,
        0.00019708115804461124
      ],
      [
        0.6106426026933341,
        0.20700469286256312,
        8.589980759745585e-05,
        0.004121070453925937,
        0.17794865302453472,
        0.00019708115804461124
      ],
      [
        0.9449305787609454,
        0.03944541825767521,
        8.589980759745585e-05,
        0.003912890372434562,
        0.011428131643302714,
        0.00019708115804461122
      ],
      [
        0.7329880741426358,
        0.04827637006529652,
        0.00010301132305511637,
        0.004974439310329112,
        0.2134217648058091,
        0.00023634035287421504
      ],
      [
        0.03327232564668401,
        0.0487329774132305,
        0.00010301132305511638,
        0.005079231984241243,
        0.9125761132799148,
        0.0002363403528742151
      ],
      [
        0.02216756361466674,
        0.02433397777139356,
        0.023771735912086388,
        0.003360885548103401,
        0.9261294968008758,
        0.0002363403528742151
      ],
      [
        0.9958776807894472,
        0.0014325711509704131,
        0.00010301132305511637,
        0.0001433387388819445,
        0.0022070576447710973,
        0.00023634035287421501
      ]
    ],
    [
      [
        0.9931476680672268,
        0.002381293767507111,
        0.00017123074229691534,
        0.00023826505602230513,
        0.0036686852240897056,
        0.0003928571428571389
      ],
      [
        0.7966293200605544,
        0.06222718475159046,
        0.09765710182206451,
        0.011775193014377901,
        0.03131834320855544,
        0.00039285714285713886
      ],
      [
        0.4646053632427384,
        0.14705155940397535,
        0.0001712307422969153,
        0.012114281227581755,
        0.3756647082405504,
        0.00039285714285713897
      ],
      [
        0.8201510649586256,
        0.1318700913180729,
        0.0001712307422969153,
        0.01186220860266557,
        0.03555254723548194,
